0 0.167877 0.188894 0.059782 0.050446
0 0.796343 0.898529 0.071910 0.054362
0 0.357454 0.563717 0.056069 0.073105
0 0.138495 0.169731 0.072230 0.054203
0 0.327724 0.793291 0.066328 0.070161
0 0.830030 0.418378 0.064759 0.081720
0 0.565424 0.596077 0.092814 0.072664
0 0.757908 0.604718 0.066647 0.076271
0 0.167612 0.386712 0.099285 0.060942
0 0.364158 0.437756 0.097115 0.095081
0 0.594464 0.278143 0.090422 0.077951
0 0.551845 0.687381 0.084575 0.077182
0 0.212690 0.472935 0.078537 0.078081
0 0.659928 0.858400 0.094932 0.078575
0 0.705790 0.720790 0.087307 0.092662
0 0.338484 0.557391 0.053305 0.090890
0 0.530816 0.796587 0.086862 0.095299
0 0.684549 0.134117 0.050900 0.090938
0 0.160029 0.689502 0.051731 0.072233
0 0.418260 0.664587 0.081672 0.083094
0 0.321958 0.369044 0.084897 0.058869
0 0.346401 0.883732 0.064542 0.084480