0 0.468698 0.842316 0.073019 0.058364
0 0.445657 0.704517 0.074771 0.062508
0 0.712399 0.172616 0.069851 0.059484
0 0.433172 0.604538 0.061039 0.090847
0 0.111564 0.235214 0.073123 0.055661
0 0.641364 0.506793 0.080475 0.069192
0 0.323153 0.447819 0.095909 0.053013
0 0.371823 0.409947 0.083722 0.051828
0 0.151921 0.387032 0.083021 0.095067
0 0.628373 0.544455 0.078145 0.053412
0 0.749295 0.785578 0.065957 0.058608
0 0.128409 0.328737 0.095239 0.076743
0 0.898762 0.396015 0.083078 0.067776
0 0.626341 0.456583 0.090556 0.069435
0 0.512076 0.782823 0.069280 0.086191
0 0.441125 0.228915 0.097118 0.078602
0 0.158252 0.559541 0.091873 0.078446
0 0.149005 0.838316 0.085188 0.052940
0 0.352911 0.568040 0.071221 0.093164
0 0.351434 0.660456 0.054678 0.089405
0 0.213092 0.454333 0.093075 0.090758
0 0.753284 0.238753 0.057721 0.050442