0 0.755354 0.227947 0.092229 0.055767
0 0.434366 0.596519 0.069655 0.087413
0 0.195129 0.625628 0.054327 0.086035
0 0.803696 0.432149 0.084306 0.095672
0 0.521523 0.670685 0.079886 0.074821
0 0.320446 0.586538 0.099661 0.080517
0 0.279668 0.100952 0.096348 0.071957
0 0.846794 0.528465 0.056757 0.062958
0 0.243530 0.426970 0.072415 0.078492
0 0.532787 0.112847 0.077186 0.071064
0 0.473795 0.354919 0.096968 0.064815
0 0.148410 0.233940 0.077419 0.092548
0 0.649789 0.897299 0.097803 0.082140
0 0.399790 0.374925 0.060445 0.076143
0 0.334917 0.575370 0.059214 0.050741
0 0.197645 0.330558 0.094366 0.066140
0 0.317602 0.124911 0.081828 0.070243
0 0.336093 0.466708 0.078509 0.065784
0 0.352364 0.361998 0.082273 0.070380
0 0.778688 0.703841 0.065760 0.090883
0 0.730162 0.561994 0.091490 0.085798
0 0.215165 0.665471 0.093915 0.064131