0 0.669856 0.211373 0.057864 0.064622
0 0.256046 0.553545 0.085519 0.087263
0 0.828147 0.483488 0.081758 0.056333
0 0.235388 0.197202 0.086598 0.078426
0 0.588340 0.523479 0.054055 0.087331
0 0.510815 0.817594 0.091958 0.080024
0 0.616439 0.273261 0.084757 0.051936
0 0.501323 0.834625 0.055660 0.092609
0 0.657048 0.403983 0.098227 0.069665
0 0.308304 0.762969 0.081077 0.097452
0 0.105028 0.236220 0.097150 0.067135
0 0.110286 0.696866 0.089404 0.072431
0 0.444124 0.578140 0.055399 0.067891
0 0.254329 0.859385 0.088395 0.097449
0 0.777080 0.612035 0.088064 0.076057
0 0.312600 0.186903 0.097831 0.062352
0 0.718796 0.573549 0.081513 0.066570
0 0.515921 0.445331 0.099805 0.088792
0 0.239203 0.109176 0.056212 0.075512
0 0.503054 0.431204 0.061518 0.089007
0 0.277706 0.242267 0.075513 0.081131
0 0.892826 0.803086 0.083657 0.056470