0 0.136350 0.668245 0.088557 0.057176
0 0.357694 0.798922 0.059703 0.094600
0 0.643660 0.514944 0.097817 0.061059
0 0.569858 0.687457 0.099497 0.085973
0 0.231136 0.121890 0.096898 0.069535
0 0.376485 0.896726 0.080659 0.091116
0 0.192437 0.647946 0.073793 0.056152
0 0.197277 0.627433 0.054185 0.097843
0 0.895528 0.647378 0.075130 0.089666
0 0.275678 0.508889 0.068833 0.087638
0 0.811409 0.565832 0.093535 0.063533
0 0.271236 0.748590 0.065544 0.059647
0 0.386311 0.403012 0.075870 0.053319
0 0.464192 0.362682 0.073481 0.079266
0 0.634681 0.580087 0.082054 0.091255
0 0.712476 0.408319 0.086813 0.089449
0 0.832799 0.826784 0.060594 0.095037
0 0.457984 0.373363 0.072743 0.067143
0 0.321297 0.200855 0.050325 0.067887
0 0.819941 0.585269 0.061578 0.057876
0 0.768881 0.303241 0.069472 0.061136
0 0.332180 0.535373 0.051309 0.099584