0 0.572700 0.659692 0.070959 0.060446
0 0.595057 0.108686 0.096740 0.067245
0 0.712151 0.821614 0.098916 0.073493
0 0.355566 0.785520 0.051745 0.088078
0 0.527030 0.130339 0.060336 0.077869
0 0.749291 0.878653 0.063094 0.092688
0 0.365926 0.715290 0.060031 0.068801
0 0.185447 0.111610 0.093058 0.060593
0 0.258642 0.895373 0.083537 0.057192
0 0.263607 0.226939 0.066249 0.077561
0 0.538745 0.701368 0.066875 0.050297
0 0.364527 0.357312 0.062512 0.094469
0 0.558520 0.837260 0.080083 0.059333
0 0.241783 0.867704 0.069886 0.091133
0 0.397867 0.260772 0.070570 0.056832
0 0.477192 0.727838 0.086007 0.094377
0 0.848227 0.136430 0.092945 0.075262
0 0.644548 0.477371 0.080322 0.072919
0 0.366144 0.243591 0.073466 0.059754
0 0.336880 0.798600 0.070442 0.081072
0 0.625846 0.606467 0.096709 0.058626
0 0.508658 0.796113 0.060362 0.098781