0 0.723930 0.498690 0.094172 0.089600
0 0.241811 0.363137 0.079696 0.074739
0 0.373511 0.613155 0.066536 0.073578
0 0.243792 0.709339 0.057056 0.094738
0 0.877439 0.606841 0.097990 0.081592
0 0.198456 0.450489 0.077924 0.066521
0 0.591202 0.593565 0.082579 0.068571
0 0.736826 0.163512 0.067858 0.060319
0 0.281767 0.734442 0.072413 0.061340
0 0.262127 0.419454 0.088943 0.099199
0 0.735050 0.857650 0.091341 0.065722
0 0.156102 0.262071 0.075025 0.096336
0 0.638051 0.518187 0.076604 0.077748
0 0.266823 0.399205 0.070035 0.083540
0 0.756514 0.657981 0.058166 0.080779
0 0.507070 0.691182 0.072871 0.056144
0 0.358289 0.871324 0.083938 0.066959
0 0.297802 0.193003 0.051181 0.077401
0 0.292910 0.853741 0.068068 0.057118
0 0.826753 0.775050 0.095482 0.066121
0 0.744493 0.174073 0.060462 0.078210
0 0.527128 0.596209 0.066860 0.054801