0 0.483618 0.796591 0.052321 0.056533
0 0.262807 0.837237 0.098008 0.083306
0 0.140801 0.850706 0.067921 0.099791
0 0.299793 0.116034 0.053097 0.057459
0 0.230494 0.630633 0.079398 0.083689
0 0.710219 0.100519 0.095156 0.086883
0 0.620134 0.374093 0.082640 0.061003
0 0.709327 0.881169 0.083745 0.099988
0 0.772171 0.487409 0.095041 0.085693
0 0.613750 0.824915 0.078266 0.098359
0 0.716013 0.520956 0.063215 0.078696
0 0.763107 0.894169 0.051183 0.076802
0 0.667011 0.323294 0.081398 0.068743
0 0.153041 0.669962 0.080754 0.095690
0 0.633750 0.119915 0.090617 0.065868
0 0.348634 0.153744 0.081783 0.065054
0 0.396898 0.732136 0.075212 0.054029
0 0.130977 0.346697 0.091705 0.051749
0 0.351009 0.355627 0.065207 0.085683
0 0.792024 0.539445 0.083459 0.097810
0 0.485232 0.190485 0.086168 0.064198
0 0.214362 0.237208 0.059253 0.096151