0 0.513752 0.520234 0.051476 0.097950
0 0.308690 0.395266 0.093578 0.082257
0 0.369318 0.181332 0.062070 0.058399
0 0.267961 0.563325 0.086333 0.088333
0 0.523117 0.439060 0.069294 0.062348
0 0.525210 0.203301 0.071141 0.074460
0 0.218076 0.462000 0.098804 0.062740
0 0.226625 0.880333 0.064356 0.054728
0 0.768419 0.428256 0.064661 0.062776
0 0.272503 0.300131 0.063679 0.057834
0 0.629383 0.692361 0.082705 0.082124
0 0.194461 0.673997 0.067742 0.080857
0 0.214703 0.364689 0.075394 0.098064
0 0.367515 0.196626 0.094351 0.083602
0 0.397659 0.141791 0.091714 0.064317
0 0.352452 0.367683 0.090319 0.057091
0 0.336442 0.889940 0.063091 0.091063
0 0.602713 0.800586 0.087104 0.087655
0 0.226371 0.893335 0.065069 0.054697
0 0.392775 0.425093 0.090988 0.069938
0 0.345381 0.732098 0.052358 0.065470
0 0.755658 0.203399 0.072087 0.057220