0 0.642963 0.722440 0.069025 0.058089
0 0.461588 0.693062 0.064464 0.052337
0 0.809197 0.610783 0.097775 0.083302
0 0.756936 0.761861 0.085919 0.056888
0 0.305469 0.215717 0.070010 0.087829
0 0.886648 0.100552 0.098796 0.079935
0 0.448478 0.318997 0.097512 0.097836
0 0.697224 0.483692 0.080387 0.064291
0 0.819718 0.891664 0.086041 0.057109
0 0.129724 0.854454 0.072696 0.057817
0 0.614394 0.361952 0.056800 0.097058
0 0.632786 0.791557 0.052482 0.077731
0 0.546716 0.897311 0.071194 0.075004
0 0.240450 0.103261 0.083950 0.098294
0 0.729841 0.765449 0.065012 0.065456
0 0.863418 0.322245 0.088484 0.051975
0 0.641327 0.373932 0.087465 0.089845
0 0.771435 0.295010 0.079315 0.070741
0 0.218599 0.152710 0.063465 0.099848
0 0.386487 0.820887 0.086213 0.076887
0 0.355485 0.636581 0.098664 0.054773
0 0.352225 0.273619 0.081314 0.070006