0 0.667032 0.660677 0.083996 0.083607
0 0.338264 0.242530 0.090240 0.098944
0 0.404050 0.174454 0.079283 0.074432
0 0.590880 0.653291 0.058408 0.058016
0 0.587778 0.607083 0.079932 0.083049
0 0.617813 0.257896 0.090516 0.088143
0 0.686830 0.506821 0.094300 0.064154
0 0.466458 0.310548 0.065717 0.072409
0 0.108610 0.285060 0.073022 0.068121
0 0.456566 0.285510 0.077319 0.089453
0 0.594011 0.339868 0.072372 0.076739
0 0.885481 0.141338 0.093571 0.083366
0 0.733293 0.173744 0.058954 0.052533
0 0.854530 0.885226 0.064243 0.064785
0 0.791498 0.311125 0.073769 0.090588
0 0.222116 0.408238 0.058685 0.050680
0 0.763207 0.304160 0.064529 0.098222
0 0.646554 0.542189 0.057204 0.073003
0 0.208167 0.248082 0.097385 0.076983
0 0.134979 0.846002 0.057172 0.088184
0 0.223858 0.603278 0.093125 0.086423
0 0.677428 0.555088 0.099037 0.077115