0 0.470617 0.385603 0.083992 0.078007
0 0.879386 0.668616 0.099888 0.065526
0 0.831429 0.649543 0.080285 0.081237
0 0.248893 0.563120 0.062809 0.099924
0 0.257121 0.614652 0.081993 0.086929
0 0.158635 0.201668 0.087772 0.082407
0 0.274459 0.220231 0.076445 0.083837
0 0.193264 0.315559 0.067561 0.065201
0 0.134617 0.576038 0.082416 0.095175
0 0.404655 0.644721 0.064825 0.078526
0 0.698785 0.472073 0.094418 0.082837
0 0.730506 0.552666 0.062670 0.090064
0 0.472320 0.262838 0.064101 0.074412
0 0.149228 0.650296 0.054487 0.062180
0 0.415148 0.638269 0.099624 0.096755
0 0.430550 0.609979 0.066814 0.087924
0 0.105344 0.860440 0.088630 0.052568
0 0.320554 0.518817 0.065877 0.085986
0 0.819272 0.196142 0.090217 0.072558
0 0.256011 0.743842 0.089290 0.090171
0 0.494700 0.817116 0.087564 0.054846
0 0.743093 0.590669 0.063971 0.083445