0 0.614429 0.113190 0.081869 0.077154
0 0.113383 0.773303 0.090499 0.076623
0 0.687029 0.176972 0.058447 0.097326
0 0.244218 0.865366 0.082827 0.061344
0 0.400032 0.297303 0.051602 0.070196
0 0.393663 0.602994 0.087123 0.084007
0 0.450847 0.627881 0.060714 0.071148
0 0.205365 0.615373 0.072106 0.073204
0 0.302657 0.452438 0.064914 0.057427
0 0.678330 0.454650 0.068523 0.064013
0 0.528520 0.755207 0.099055 0.064519
0 0.673661 0.786393 0.070823 0.091510
0 0.390684 0.604524 0.075369 0.099714
0 0.672902 0.769352 0.052990 0.095004
0 0.388488 0.706117 0.052175 0.058940
0 0.696165 0.527986 0.089985 0.086142
0 0.312309 0.834127 0.050017 0.096513
0 0.816364 0.704383 0.088925 0.096975
0 0.620953 0.815944 0.097817 0.084844
0 0.698858 0.629553 0.052506 0.090925
0 0.288901 0.570220 0.077763 0.064148
0 0.489802 0.788039 0.052493 0.081344