0 0.473212 0.843466 0.084201 0.063125
0 0.711277 0.802414 0.072864 0.092279
0 0.392473 0.221704 0.050639 0.086424
0 0.227694 0.714084 0.096145 0.053986
0 0.370302 0.468005 0.075008 0.088893
0 0.157499 0.236955 0.059693 0.068349
0 0.422270 0.827295 0.052344 0.098679
0 0.345673 0.118708 0.099153 0.068065
0 0.612439 0.746125 0.075676 0.095950
0 0.456145 0.430264 0.087225 0.081366
0 0.157664 0.334819 0.069021 0.059973
0 0.155677 0.432328 0.094593 0.059672
0 0.179264 0.408163 0.085013 0.070477
0 0.342605 0.766904 0.081463 0.082591
0 0.547119 0.134961 0.055209 0.060238
0 0.239173 0.789931 0.072685 0.056324
0 0.724631 0.864634 0.052756 0.082029
0 0.407180 0.532502 0.061160 0.085115
0 0.494296 0.797378 0.083609 0.087896
0 0.164838 0.309750 0.063457 0.054067
0 0.438729 0.774190 0.067181 0.050424
0 0.712992 0.501098 0.076672 0.096923