0 0.640530 0.663179 0.056901 0.081458
0 0.193646 0.497287 0.052255 0.072766
0 0.868854 0.718330 0.073274 0.095294
0 0.314463 0.414551 0.074846 0.096424
0 0.681201 0.687369 0.058649 0.073541
0 0.171133 0.528594 0.097826 0.058683
0 0.878267 0.279863 0.062792 0.074001
0 0.184130 0.283488 0.069064 0.065219
0 0.802377 0.478255 0.060211 0.076654
0 0.169053 0.363131 0.092195 0.095471
0 0.838727 0.692351 0.088817 0.060669
0 0.407963 0.430487 0.070058 0.071808
0 0.155869 0.577591 0.056200 0.094553
0 0.224760 0.728489 0.057064 0.082460
0 0.189360 0.105210 0.071795 0.094631
0 0.106183 0.635278 0.085806 0.091247
0 0.502253 0.110043 0.068961 0.080330
0 0.330608 0.149517 0.086673 0.096711
0 0.530218 0.352310 0.091971 0.077377
0 0.560540 0.171254 0.075566 0.074407
0 0.285408 0.672385 0.054900 0.059645
0 0.659151 0.628998 0.088243 0.085715