0 0.495524 0.458870 0.091536 0.057677
0 0.616104 0.105156 0.076950 0.095256
0 0.720583 0.817424 0.069760 0.052057
0 0.789895 0.311117 0.069825 0.060062
0 0.149067 0.349165 0.096223 0.086814
0 0.366007 0.314669 0.056821 0.068976
0 0.404176 0.293802 0.062472 0.080415
0 0.872412 0.628702 0.078915 0.092042
0 0.812923 0.722204 0.068260 0.067232
0 0.818508 0.757596 0.051958 0.078756
0 0.210356 0.856244 0.080967 0.069058
0 0.594606 0.515789 0.057619 0.074054
0 0.816094 0.567107 0.080502 0.092642
0 0.673685 0.440862 0.087437 0.073982
0 0.830352 0.498356 0.060584 0.076638
0 0.257114 0.811761 0.062160 0.064899
0 0.610677 0.846920 0.080122 0.062027
0 0.224148 0.621212 0.070998 0.058424
0 0.595022 0.190882 0.089986 0.058939
0 0.492838 0.874151 0.092012 0.095317
0 0.524182 0.162719 0.056951 0.054389
0 0.438253 0.253846 0.086517 0.052497