0 0.417006 0.604708 0.084614 0.051268
0 0.626541 0.516346 0.080975 0.054130
0 0.751533 0.703197 0.052262 0.078829
0 0.801673 0.295954 0.060121 0.082950
0 0.509101 0.735782 0.068534 0.059750
0 0.264638 0.658059 0.066981 0.098292
0 0.572958 0.876518 0.098786 0.094430
0 0.470559 0.825227 0.078009 0.096695
0 0.792911 0.620481 0.079602 0.053753
0 0.188476 0.835560 0.092906 0.079754
0 0.477916 0.150162 0.063387 0.063831
0 0.760907 0.276538 0.082449 0.074896
0 0.757438 0.116466 0.076277 0.056445
0 0.422632 0.813744 0.060580 0.074879
0 0.542641 0.845012 0.052327 0.094585
0 0.145054 0.252656 0.085899 0.068639
0 0.751756 0.846961 0.085900 0.078160
0 0.645675 0.883549 0.089202 0.085788
0 0.333056 0.631600 0.054897 0.081536
0 0.804868 0.844837 0.070895 0.063754
0 0.731510 0.386790 0.079296 0.060341
0 0.532416 0.493612 0.090969 0.057817