0 0.729678 0.192429 0.065674 0.095999
0 0.234015 0.152249 0.081569 0.054034
0 0.327873 0.137318 0.057132 0.073327
0 0.790520 0.488611 0.052539 0.059928
0 0.321333 0.485447 0.063847 0.055130
0 0.526297 0.301582 0.080057 0.076968
0 0.488847 0.639721 0.084742 0.052814
0 0.375320 0.266187 0.068449 0.076082
0 0.230229 0.349142 0.096090 0.081657
0 0.302534 0.337959 0.098656 0.078099
0 0.704284 0.371276 0.087128 0.092270
0 0.625596 0.129166 0.069111 0.088450
0 0.818869 0.133818 0.079092 0.098853
0 0.405271 0.406654 0.066604 0.061072
0 0.632250 0.464512 0.061437 0.085179
0 0.845223 0.610206 0.058586 0.066065
0 0.484957 0.753864 0.055558 0.066427
0 0.730948 0.543966 0.067944 0.053109
0 0.895288 0.112654 0.082648 0.065777
0 0.313511 0.704150 0.073221 0.078972
0 0.761462 0.744315 0.067607 0.079745
0 0.723317 0.675603 0.089807 0.055914