0 0.108921 0.533808 0.057025 0.051332
0 0.541362 0.123233 0.072851 0.081994
0 0.245390 0.806265 0.060841 0.065571
0 0.249034 0.120471 0.062732 0.062405
0 0.172361 0.279081 0.075481 0.057439
0 0.148403 0.785816 0.053092 0.074916
0 0.424795 0.792183 0.058704 0.094461
0 0.438655 0.751627 0.050960 0.074570
0 0.660367 0.151247 0.074800 0.053118
0 0.827732 0.482683 0.090437 0.059790
0 0.446209 0.348767 0.055126 0.076106
0 0.134946 0.357689 0.057297 0.096756
0 0.803479 0.207664 0.071443 0.098725
0 0.553085 0.657980 0.083707 0.054860
0 0.871443 0.534299 0.069801 0.096774
0 0.469584 0.728825 0.076655 0.076009
0 0.784785 0.770942 0.095262 0.074362
0 0.242033 0.480005 0.062064 0.097294
0 0.868287 0.897793 0.084792 0.090573
0 0.382279 0.565740 0.059619 0.068315
0 0.769307 0.632169 0.075028 0.096987
0 0.470259 0.156563 0.097951 0.088386