0 0.172558 0.816693 0.054954 0.073456
0 0.324225 0.564073 0.059959 0.058526
0 0.209163 0.793325 0.079634 0.097418
0 0.540437 0.338118 0.069078 0.053850
0 0.566174 0.169021 0.077544 0.095645
0 0.172144 0.831935 0.088499 0.097169
0 0.695105 0.133838 0.053134 0.079312
0 0.728359 0.815961 0.077973 0.073447
0 0.432744 0.675321 0.052859 0.050704
0 0.164227 0.481245 0.099464 0.083365
0 0.318869 0.460294 0.081455 0.070354
0 0.761006 0.838305 0.098548 0.055692
0 0.593817 0.430061 0.094779 0.080723
0 0.624861 0.807618 0.091596 0.080520
0 0.890415 0.810762 0.075914 0.085089
0 0.139193 0.749385 0.080710 0.080527
0 0.765134 0.519376 0.093754 0.075941
0 0.323691 0.241995 0.096393 0.052591
0 0.240207 0.707620 0.093313 0.089659
0 0.693171 0.141423 0.084954 0.055914
0 0.533205 0.264302 0.055217 0.075342
0 0.815590 0.800677 0.099895 0.078783