0 0.700810 0.663828 0.099513 0.083448
0 0.462284 0.691152 0.074107 0.080593
0 0.887902 0.895071 0.075293 0.061114
0 0.698809 0.894307 0.056221 0.073830
0 0.353324 0.163571 0.094068 0.083302
0 0.132140 0.333527 0.067891 0.074879
0 0.326379 0.266136 0.082297 0.071513
0 0.668682 0.684562 0.092308 0.082266
0 0.544799 0.251796 0.080902 0.086042
0 0.824692 0.748907 0.058904 0.078940
0 0.710083 0.885488 0.059197 0.064284
0 0.578283 0.109425 0.069524 0.051478
0 0.259425 0.404484 0.093937 0.099706
0 0.601204 0.618111 0.054876 0.090929
0 0.788333 0.760991 0.051762 0.060618
0 0.535307 0.779425 0.066138 0.058092
0 0.586262 0.334525 0.096810 0.070684
0 0.648473 0.590340 0.054000 0.064545
0 0.515529 0.267331 0.091851 0.064857
0 0.697163 0.125753 0.066452 0.052284
0 0.534357 0.502188 0.066096 0.081496
0 0.271487 0.548088 0.093399 0.096880