0 0.638169 0.655641 0.060449 0.068338
0 0.394609 0.132496 0.067826 0.092301
0 0.755992 0.466794 0.090684 0.066099
0 0.360533 0.169240 0.057621 0.099676
0 0.409886 0.219803 0.058143 0.094931
0 0.128139 0.345668 0.093497 0.099439
0 0.425774 0.589112 0.084950 0.098281
0 0.470778 0.632346 0.063228 0.089979
0 0.452090 0.288803 0.095469 0.090031
0 0.179860 0.767701 0.088846 0.080619
0 0.822012 0.700161 0.072444 0.062789
0 0.367408 0.388072 0.082144 0.073708
0 0.409400 0.546953 0.084793 0.062781
0 0.309847 0.616109 0.076283 0.067220
0 0.752871 0.599762 0.081200 0.098535
0 0.133729 0.357599 0.092455 0.094838
0 0.871722 0.295735 0.050244 0.069267
0 0.403897 0.152564 0.099774 0.086027
0 0.720791 0.796311 0.095420 0.056339
0 0.675727 0.569109 0.067614 0.097186
0 0.491505 0.183631 0.064702 0.055851
0 0.574872 0.290262 0.081019 0.090240