0 0.680414 0.514772 0.067366 0.097347
0 0.375327 0.139459 0.056819 0.085642
0 0.405609 0.455219 0.054502 0.058240
0 0.679306 0.735464 0.085238 0.050916
0 0.727503 0.539819 0.056069 0.054678
0 0.544982 0.429887 0.065965 0.062249
0 0.596081 0.312471 0.083562 0.095832
0 0.784640 0.865022 0.059684 0.099831
0 0.257580 0.452126 0.085267 0.068027
0 0.880560 0.818367 0.058435 0.078622
0 0.566975 0.866306 0.053054 0.080338
0 0.221256 0.626591 0.089586 0.092977
0 0.892778 0.659706 0.075139 0.054743
0 0.329420 0.218001 0.067341 0.097620
0 0.564581 0.329417 0.081071 0.077321
0 0.144477 0.436087 0.068544 0.072310
0 0.257211 0.120963 0.093422 0.095590
0 0.404313 0.625732 0.052387 0.085178
0 0.470406 0.850305 0.077813 0.051385
0 0.116558 0.672975 0.076202 0.060878
0 0.466900 0.425615 0.060270 0.089857
0 0.432228 0.117167 0.064278 0.063309