0 0.462880 0.115777 0.061653 0.088788
0 0.881680 0.622842 0.091699 0.092250
0 0.641613 0.687808 0.072570 0.077180
0 0.113055 0.167456 0.083870 0.076498
0 0.712240 0.105807 0.098224 0.062572
0 0.209404 0.488103 0.056886 0.059505
0 0.369691 0.323396 0.068056 0.052823
0 0.652935 0.351469 0.092967 0.062312
0 0.735685 0.187453 0.060342 0.097749
0 0.881412 0.254519 0.080400 0.080718
0 0.672744 0.625306 0.069640 0.058362
0 0.556293 0.481894 0.093364 0.055440
0 0.789361 0.267095 0.071510 0.065012
0 0.450292 0.682970 0.055350 0.068853
0 0.644142 0.601054 0.068591 0.062536
0 0.728158 0.335146 0.071176 0.072250
0 0.641382 0.238316 0.073226 0.071838
0 0.387442 0.879451 0.081545 0.052605
0 0.374709 0.522538 0.061932 0.098206
0 0.519437 0.551966 0.097416 0.096057
0 0.314101 0.591575 0.063398 0.054698
0 0.163531 0.194064 0.087598 0.076195