0 0.137780 0.570447 0.092091 0.076202
0 0.711946 0.836701 0.073959 0.079751
0 0.375408 0.433639 0.097595 0.055804
0 0.506246 0.377780 0.083835 0.067083
0 0.601376 0.241463 0.067140 0.082228
0 0.731825 0.616939 0.056534 0.057690
0 0.673810 0.456554 0.098601 0.097597
0 0.323441 0.201655 0.065033 0.054766
0 0.225791 0.824398 0.090837 0.052781
0 0.702961 0.599648 0.072481 0.090290
0 0.498806 0.555608 0.095243 0.078454
0 0.151179 0.872082 0.051238 0.056185
0 0.350312 0.796583 0.080020 0.054984
0 0.123479 0.373506 0.059761 0.090466
0 0.734389 0.777532 0.098679 0.060840
0 0.256382 0.772155 0.078790 0.083166
0 0.679649 0.555553 0.098028 0.060557
0 0.874032 0.254106 0.094994 0.089380
0 0.179745 0.194657 0.062818 0.072062
0 0.642784 0.429118 0.067982 0.096569
0 0.229508 0.440804 0.096230 0.064977
0 0.344604 0.663375 0.051903 0.051180