0 0.621259 0.378339 0.090046 0.089277
0 0.620965 0.430476 0.092029 0.054001
0 0.659801 0.438440 0.071251 0.080137
0 0.726007 0.786873 0.095874 0.075002
0 0.662506 0.657470 0.069153 0.087427
0 0.688029 0.429532 0.074237 0.089023
0 0.768756 0.879940 0.054343 0.073856
0 0.629234 0.161131 0.052037 0.091890
0 0.360190 0.379441 0.099277 0.067841
0 0.850420 0.364931 0.065057 0.073507
0 0.193087 0.797205 0.093541 0.053485
0 0.114217 0.857109 0.067247 0.073779
0 0.789984 0.411020 0.084110 0.062708
0 0.306270 0.301532 0.069247 0.094895
0 0.885364 0.539003 0.077048 0.068965
0 0.591722 0.764333 0.056044 0.062563
0 0.789246 0.388891 0.076447 0.060665
0 0.693809 0.183145 0.086314 0.081905
0 0.308603 0.244723 0.094182 0.083824
0 0.721023 0.496491 0.071744 0.093423
0 0.200501 0.281499 0.086682 0.088687
0 0.586581 0.852931 0.082143 0.066734