0 0.446049 0.599772 0.084681 0.080024
0 0.519114 0.784493 0.061800 0.059593
0 0.440220 0.635791 0.063189 0.061941
0 0.820702 0.526121 0.090494 0.090271
0 0.381126 0.898154 0.098460 0.083833
0 0.757229 0.837101 0.091854 0.082236
0 0.581070 0.381394 0.095436 0.055528
0 0.349677 0.166275 0.094405 0.087368
0 0.897150 0.150783 0.078282 0.070612
0 0.795118 0.526574 0.096470 0.075733
0 0.240256 0.557179 0.091105 0.091352
0 0.286447 0.252597 0.068603 0.073632
0 0.622621 0.584920 0.096114 0.070773
0 0.808877 0.135987 0.080534 0.065504
0 0.791368 0.564027 0.057042 0.089980
0 0.844480 0.649598 0.052541 0.059019
0 0.842969 0.114345 0.093058 0.063696
0 0.718138 0.571719 0.059854 0.075434
0 0.823826 0.635678 0.094693 0.091493
0 0.253373 0.861176 0.098069 0.076361
0 0.808094 0.854578 0.071524 0.070376
0 0.881858 0.303510 0.062750 0.059731