0 0.649159 0.769133 0.099423 0.078696
0 0.627216 0.266347 0.096757 0.066633
0 0.896692 0.337965 0.058070 0.054936
0 0.810223 0.571149 0.078927 0.092167
0 0.299073 0.420960 0.055793 0.076270
0 0.550530 0.515645 0.057977 0.098729
0 0.339752 0.539275 0.093467 0.056958
0 0.109293 0.493457 0.091988 0.062309
0 0.865954 0.417428 0.068525 0.064414
0 0.284168 0.420081 0.081483 0.058768
0 0.168788 0.106138 0.056583 0.073052
0 0.772255 0.447633 0.070565 0.096873
0 0.779732 0.519374 0.076006 0.089329
0 0.429646 0.413984 0.071649 0.099162
0 0.460447 0.718700 0.082162 0.066761
0 0.556358 0.163306 0.071986 0.082744
0 0.287403 0.659721 0.085871 0.052131
0 0.899172 0.518461 0.077494 0.075422
0 0.370600 0.782941 0.071336 0.052131
0 0.635759 0.852061 0.095668 0.084739
0 0.704494 0.509522 0.061066 0.069779
0 0.554385 0.256404 0.092580 0.086791