0 0.105278 0.406280 0.080735 0.078040
0 0.433916 0.312107 0.054606 0.054223
0 0.891790 0.634047 0.086913 0.082927
0 0.764595 0.459688 0.060783 0.069528
0 0.224748 0.808477 0.088870 0.089966
0 0.772527 0.835339 0.084363 0.073115
0 0.100370 0.802134 0.096065 0.096054
0 0.118914 0.868834 0.088679 0.066962
0 0.430678 0.679700 0.076082 0.095027
0 0.336212 0.197110 0.074820 0.061604
0 0.595812 0.617246 0.087298 0.099530
0 0.138161 0.433098 0.097483 0.056927
0 0.263620 0.657609 0.098769 0.071936
0 0.885579 0.468422 0.073071 0.078289
0 0.448572 0.659842 0.079507 0.085067
0 0.344015 0.395272 0.099680 0.085835
0 0.734191 0.752540 0.087304 0.094308
0 0.301306 0.550639 0.051700 0.088490
0 0.471264 0.646616 0.090971 0.098754
0 0.633087 0.633908 0.096963 0.059254
0 0.314789 0.520519 0.065836 0.098655
0 0.746925 0.758602 0.080788 0.082423