0 0.306898 0.639655 0.066621 0.094454
0 0.739279 0.643678 0.093940 0.075854
0 0.292962 0.706721 0.087216 0.067777
0 0.282961 0.771049 0.095068 0.094913
0 0.149105 0.407304 0.080754 0.070884
0 0.386225 0.780333 0.074632 0.081281
0 0.318944 0.802835 0.084050 0.088089
0 0.451903 0.115293 0.089744 0.089764
0 0.303482 0.796760 0.052323 0.068254
0 0.770829 0.665667 0.091236 0.082753
0 0.208866 0.476452 0.095180 0.098244
0 0.219633 0.205418 0.057762 0.063653
0 0.481091 0.194847 0.094202 0.054368
0 0.152430 0.327609 0.090165 0.077649
0 0.470340 0.586615 0.088672 0.099750
0 0.647680 0.445792 0.097521 0.068379
0 0.150527 0.298006 0.053368 0.060423
0 0.848078 0.720478 0.085633 0.092151
0 0.190708 0.537865 0.082181 0.078739
0 0.574004 0.145642 0.069993 0.082501
0 0.325844 0.677588 0.051683 0.091837
0 0.563839 0.701171 0.089126 0.062061