0 0.791250 0.167361 0.056303 0.059699
0 0.539286 0.813033 0.085953 0.069145
0 0.783600 0.708324 0.069028 0.066944
0 0.809656 0.415646 0.096504 0.055064
0 0.134330 0.431988 0.056172 0.064754
0 0.390663 0.680310 0.051098 0.055816
0 0.470633 0.245428 0.077553 0.061242
0 0.348748 0.383222 0.095684 0.087567
0 0.867157 0.535934 0.067697 0.092355
0 0.663055 0.535630 0.084631 0.071177
0 0.890572 0.583632 0.072718 0.072307
0 0.806308 0.459586 0.087785 0.061412
0 0.274030 0.209941 0.096330 0.085008
0 0.240822 0.604188 0.071790 0.079151
0 0.757336 0.457635 0.085939 0.060533
0 0.374109 0.719481 0.062446 0.088136
0 0.721142 0.761741 0.091499 0.083038
0 0.299829 0.419770 0.099431 0.060992
0 0.113550 0.261587 0.058170 0.088694
0 0.461551 0.188629 0.089500 0.085997
0 0.320393 0.587808 0.064573 0.074545
0 0.101050 0.653734 0.053511 0.083551