0 0.893149 0.786626 0.079028 0.089972
0 0.813002 0.145541 0.051822 0.062489
0 0.178921 0.253729 0.063390 0.089123
0 0.253670 0.357469 0.077913 0.070937
0 0.892956 0.170051 0.059272 0.063520
0 0.552694 0.355591 0.098039 0.054406
0 0.883327 0.289064 0.085249 0.062552
0 0.866530 0.310969 0.089684 0.072058
0 0.689997 0.265637 0.074973 0.075290
0 0.242621 0.640625 0.093993 0.066237
0 0.709586 0.375376 0.053740 0.095028
0 0.493691 0.307844 0.070615 0.052543
0 0.357167 0.580742 0.070413 0.055658
0 0.219755 0.362632 0.065447 0.087630
0 0.696120 0.738020 0.087208 0.079882
0 0.608748 0.132498 0.057086 0.061087
0 0.866885 0.185745 0.087050 0.080164
0 0.899123 0.373806 0.099516 0.085795
0 0.770102 0.546080 0.071366 0.070879
0 0.377501 0.104105 0.064066 0.077841
0 0.807408 0.592341 0.051442 0.063208
0 0.483938 0.718344 0.073710 0.093925