0 0.752079 0.754529 0.058485 0.080455
0 0.380125 0.888448 0.065571 0.066261
0 0.118472 0.260592 0.066578 0.062270
0 0.760016 0.100889 0.094402 0.090683
0 0.783923 0.106968 0.093960 0.063985
0 0.610993 0.216357 0.071771 0.093677
0 0.501206 0.234226 0.088836 0.089974
0 0.221849 0.306903 0.083837 0.094427
0 0.579058 0.150184 0.076208 0.071274
0 0.282648 0.521387 0.074999 0.063062
0 0.782749 0.301268 0.069158 0.090707
0 0.403197 0.249830 0.095346 0.083340
0 0.496011 0.437623 0.099925 0.090150
0 0.630678 0.750661 0.077866 0.094073
0 0.399022 0.347902 0.060227 0.077443
0 0.732820 0.197606 0.070482 0.097657
0 0.359214 0.743973 0.050855 0.061997
0 0.561354 0.855764 0.095988 0.058990
0 0.507570 0.194289 0.072994 0.075062
0 0.892556 0.360705 0.062511 0.065168
0 0.365599 0.853079 0.052016 0.084533
0 0.514421 0.323876 0.083801 0.055562