0 0.525291 0.876770 0.063440 0.071671
0 0.888091 0.236922 0.076579 0.094271
0 0.554560 0.542085 0.073691 0.053621
0 0.337697 0.361378 0.092739 0.088058
0 0.437233 0.659132 0.066435 0.092930
0 0.798295 0.423676 0.092859 0.072447
0 0.189944 0.628842 0.079156 0.076108
0 0.868181 0.610242 0.060614 0.056110
0 0.148881 0.353158 0.075082 0.068057
0 0.333811 0.517738 0.088193 0.076854
0 0.569724 0.241028 0.087192 0.077023
0 0.355888 0.620295 0.074631 0.081906
0 0.436153 0.597828 0.060423 0.097448
0 0.899843 0.336047 0.081100 0.091528
0 0.712413 0.843202 0.077422 0.076030
0 0.870501 0.704545 0.063170 0.058738
0 0.700863 0.631996 0.081815 0.099619
0 0.434856 0.676626 0.095266 0.057191
0 0.532499 0.470890 0.050071 0.064850
0 0.780372 0.862320 0.082428 0.060790
0 0.387969 0.422145 0.061561 0.074605
0 0.380201 0.638638 0.057774 0.084727