0 0.713206 0.128545 0.052507 0.080260
0 0.584534 0.416124 0.081069 0.097984
0 0.841202 0.592448 0.097332 0.072670
0 0.697812 0.581806 0.063606 0.092149
0 0.824688 0.162570 0.052324 0.064592
0 0.708886 0.577700 0.092274 0.054176
0 0.128488 0.744572 0.086560 0.073653
0 0.409824 0.417360 0.069043 0.078597
0 0.539582 0.110970 0.051964 0.085456
0 0.354411 0.150214 0.056405 0.092279
0 0.213475 0.667162 0.095925 0.087631
0 0.605760 0.782577 0.054783 0.052043
0 0.853635 0.202007 0.088612 0.052288
0 0.433463 0.836961 0.075753 0.093785
0 0.716937 0.119781 0.099177 0.068631
0 0.683364 0.358928 0.088113 0.076425
0 0.276513 0.733417 0.073467 0.090815
0 0.387884 0.135319 0.061411 0.077758
0 0.507064 0.387192 0.058172 0.080302
0 0.803799 0.536726 0.077773 0.067103
0 0.100309 0.195287 0.070080 0.076573
0 0.479010 0.848850 0.089209 0.099111