0 0.759177 0.883069 0.063290 0.090417
0 0.397192 0.171053 0.093176 0.097683
0 0.196224 0.757624 0.080454 0.078062
0 0.451085 0.771968 0.095144 0.082420
0 0.411660 0.780947 0.062363 0.054886
0 0.346206 0.162854 0.094255 0.084416
0 0.101281 0.824431 0.098027 0.059680
0 0.226661 0.503766 0.082216 0.083970
0 0.426482 0.712451 0.064107 0.050806
0 0.608054 0.276566 0.051606 0.076150
0 0.498276 0.610902 0.097682 0.077161
0 0.899519 0.313059 0.057530 0.074753
0 0.247331 0.403142 0.097560 0.056086
0 0.577513 0.558350 0.071005 0.099814
0 0.477303 0.430880 0.059616 0.095167
0 0.720060 0.290014 0.085890 0.055327
0 0.365902 0.126072 0.067694 0.081351
0 0.232904 0.255500 0.065446 0.087402
0 0.818517 0.522941 0.084453 0.062376
0 0.588125 0.617079 0.082509 0.099970
0 0.580682 0.212870 0.091547 0.067918
0 0.784619 0.286947 0.089219 0.077211