0 0.359891 0.791997 0.092192 0.077123
0 0.139942 0.865749 0.078671 0.058304
0 0.794324 0.727394 0.099556 0.054807
0 0.392787 0.518924 0.078333 0.091563
0 0.891740 0.332046 0.064745 0.090993
0 0.150748 0.595507 0.077450 0.062040
0 0.148552 0.207918 0.090860 0.072640
0 0.646472 0.883526 0.085773 0.054522
0 0.144479 0.723476 0.083484 0.065041
0 0.343674 0.391142 0.068429 0.063886
0 0.492993 0.224473 0.083613 0.099464
0 0.861281 0.607177 0.084293 0.061025
0 0.474676 0.387897 0.050127 0.064631
0 0.223910 0.810990 0.094776 0.094209
0 0.166452 0.309689 0.062357 0.070083
0 0.862069 0.245161 0.067192 0.076092
0 0.704003 0.874209 0.078485 0.092929
0 0.133034 0.293344 0.081769 0.056071
0 0.466249 0.592808 0.070325 0.095028
0 0.235410 0.496617 0.093635 0.094335
0 0.532959 0.262548 0.098851 0.089003
0 0.667470 0.202138 0.079701 0.085052