0 0.780279 0.284329 0.067863 0.097124
0 0.232420 0.503405 0.072033 0.096326
0 0.756797 0.763433 0.051315 0.070953
0 0.298708 0.267591 0.076813 0.066474
0 0.272534 0.554910 0.056545 0.063265
0 0.706451 0.841232 0.063730 0.075816
0 0.339024 0.111841 0.098473 0.078913
0 0.439511 0.203305 0.076620 0.084149
0 0.326372 0.737693 0.085155 0.071047
0 0.429045 0.666229 0.056082 0.052022
0 0.840259 0.176500 0.055442 0.064280
0 0.313102 0.457845 0.080391 0.077418
0 0.447135 0.768743 0.085409 0.071469
0 0.111763 0.196471 0.054406 0.067089
0 0.113000 0.103603 0.062582 0.075164
0 0.584547 0.823208 0.051016 0.088477
0 0.132704 0.630595 0.092663 0.066878
0 0.712719 0.800717 0.059620 0.050422
0 0.878221 0.170281 0.093437 0.091167
0 0.548745 0.437148 0.052566 0.054644
0 0.337752 0.771326 0.059959 0.096074
0 0.542072 0.820728 0.071597 0.066247