0 0.283395 0.489259 0.068408 0.081113
0 0.259282 0.125529 0.061630 0.065943
0 0.701769 0.818981 0.071695 0.092131
0 0.509039 0.727936 0.072355 0.056067
0 0.605875 0.698341 0.088219 0.069728
0 0.312302 0.897954 0.095653 0.054390
0 0.811771 0.483096 0.095746 0.090185
0 0.833690 0.448933 0.086224 0.074517
0 0.246283 0.226381 0.085660 0.060756
0 0.110514 0.819161 0.050064 0.076439
0 0.537894 0.196810 0.094909 0.086558
0 0.462879 0.663194 0.057299 0.095572
0 0.756576 0.543304 0.088069 0.089176
0 0.468887 0.480961 0.091669 0.057411
0 0.660923 0.269823 0.059587 0.069818
0 0.542702 0.334571 0.096656 0.073708
0 0.268277 0.185619 0.065341 0.060888
0 0.693944 0.192894 0.054872 0.074069
0 0.182739 0.894327 0.056766 0.069050
0 0.695061 0.204323 0.071657 0.094022
0 0.241000 0.446354 0.070458 0.093491
0 0.575874 0.464471 0.068407 0.091423