0 0.601959 0.410536 0.074391 0.067995
0 0.757084 0.545734 0.073609 0.081805
0 0.678098 0.602115 0.093175 0.078171
0 0.891266 0.707071 0.098740 0.083459
0 0.205497 0.287847 0.054614 0.089044
0 0.781637 0.876043 0.083724 0.051262
0 0.732090 0.304661 0.053232 0.065895
0 0.729524 0.736525 0.096150 0.073567
0 0.600361 0.213183 0.075712 0.068308
0 0.701865 0.401273 0.092259 0.080419
0 0.698914 0.355525 0.076602 0.056173
0 0.665776 0.400451 0.054382 0.076967
0 0.159479 0.433627 0.099877 0.095614
0 0.853608 0.183608 0.077410 0.076433
0 0.217539 0.347988 0.070099 0.080170
0 0.760085 0.366899 0.088346 0.075142
0 0.411096 0.628345 0.086799 0.052454
0 0.633619 0.759755 0.093275 0.089759
0 0.502028 0.747906 0.058159 0.066207
0 0.600618 0.606939 0.067068 0.077536
0 0.673552 0.515072 0.083388 0.069478
0 0.442057 0.216561 0.083058 0.068232