0 0.342773 0.637116 0.078367 0.087216
0 0.638904 0.406281 0.059569 0.098276
0 0.852456 0.706537 0.059788 0.076421
0 0.697021 0.795830 0.083312 0.082686
0 0.748625 0.536129 0.074588 0.082354
0 0.764268 0.893273 0.092914 0.069188
0 0.156283 0.526121 0.060445 0.050953
0 0.598065 0.771934 0.070790 0.074170
0 0.141749 0.867367 0.098441 0.094665
0 0.460878 0.182470 0.055060 0.092037
0 0.273889 0.184414 0.071998 0.089276
0 0.779972 0.669381 0.089103 0.054557
0 0.280269 0.878374 0.077540 0.082904
0 0.618424 0.834261 0.073650 0.057701
0 0.227521 0.628855 0.094462 0.089123
0 0.333790 0.339743 0.072819 0.050844
0 0.288550 0.222014 0.093266 0.087720
0 0.562436 0.465187 0.076119 0.093819
0 0.817463 0.687192 0.092955 0.067398
0 0.257855 0.596752 0.075027 0.054923
0 0.366052 0.387371 0.076632 0.070671
0 0.359866 0.649975 0.051975 0.069234