0 0.546505 0.535529 0.083566 0.055481
0 0.618972 0.781739 0.089434 0.076666
0 0.855618 0.582326 0.098024 0.063367
0 0.125152 0.673172 0.055136 0.088171
0 0.716645 0.757988 0.084220 0.084490
0 0.758748 0.314951 0.099969 0.092376
0 0.405947 0.611618 0.083734 0.084258
0 0.399290 0.688379 0.097355 0.074092
0 0.315869 0.275638 0.061097 0.065580
0 0.120434 0.708187 0.077417 0.083120
0 0.758423 0.360117 0.098456 0.057569
0 0.246775 0.813943 0.092448 0.050660
0 0.418650 0.474752 0.077443 0.080984
0 0.167407 0.869411 0.089625 0.088604
0 0.678408 0.594621 0.059053 0.097005
0 0.364253 0.765264 0.098194 0.099561
0 0.127562 0.707989 0.096515 0.099013
0 0.311132 0.842292 0.054094 0.078089
0 0.102939 0.566847 0.052144 0.086237
0 0.350959 0.318248 0.081438 0.094249
0 0.174126 0.239564 0.057870 0.099258
0 0.885375 0.517386 0.069599 0.088637