0 0.896765 0.535301 0.051638 0.064422
0 0.892358 0.160792 0.089877 0.094453
0 0.323123 0.760183 0.088397 0.069535
0 0.161741 0.736358 0.093589 0.062459
0 0.717378 0.649535 0.086088 0.087085
0 0.394870 0.670735 0.081373 0.054453
0 0.209344 0.818054 0.050528 0.067607
0 0.734612 0.544452 0.098399 0.099676
0 0.548021 0.454855 0.090902 0.066779
0 0.861899 0.284762 0.084097 0.062914
0 0.105334 0.484185 0.057952 0.053363
0 0.740582 0.740005 0.090179 0.094527
0 0.255326 0.509734 0.065661 0.076934
0 0.674889 0.462090 0.087638 0.057773
0 0.822400 0.643752 0.060167 0.055902
0 0.381410 0.326939 0.071105 0.085971
0 0.484345 0.714042 0.059289 0.078728
0 0.819108 0.660502 0.070111 0.058075
0 0.416476 0.772509 0.092950 0.074561
0 0.543278 0.863194 0.067299 0.070186
0 0.126450 0.494985 0.086332 0.074924
0 0.571093 0.580262 0.087401 0.066187