0 0.182436 0.432820 0.073184 0.081843
0 0.232630 0.378293 0.084262 0.082358
0 0.268080 0.223981 0.065271 0.061038
0 0.250348 0.716364 0.083396 0.068292
0 0.486121 0.514643 0.083947 0.068915
0 0.414377 0.508949 0.063757 0.093163
0 0.112045 0.369516 0.053517 0.064641
0 0.581245 0.877032 0.057619 0.068046
0 0.413263 0.182547 0.095811 0.093842
0 0.241766 0.652473 0.076033 0.062222
0 0.816480 0.763869 0.083195 0.072344
0 0.853243 0.444542 0.089542 0.086589
0 0.160650 0.333539 0.086065 0.084736
0 0.694818 0.417396 0.059411 0.069198
0 0.623712 0.367476 0.051390 0.096855
0 0.362364 0.895164 0.090881 0.072571
0 0.294324 0.370037 0.069316 0.062452
0 0.653053 0.839072 0.089331 0.073997
0 0.728667 0.184337 0.096844 0.060345
0 0.797038 0.585535 0.074146 0.075863
0 0.305298 0.202526 0.094284 0.061493
0 0.242731 0.156004 0.056217 0.067655