0 0.157699 0.822207 0.082867 0.058537
0 0.679749 0.693465 0.061044 0.077740
0 0.769220 0.749298 0.065431 0.099111
0 0.599369 0.140337 0.088561 0.088461
0 0.407193 0.128244 0.050411 0.078427
0 0.584850 0.897263 0.076094 0.052932
0 0.874080 0.372515 0.066538 0.085980
0 0.347346 0.403669 0.054978 0.052614
0 0.675044 0.262246 0.053086 0.057784
0 0.153893 0.278026 0.092827 0.089969
0 0.899258 0.492005 0.086054 0.095036
0 0.153862 0.557053 0.088239 0.093488
0 0.448156 0.387013 0.057711 0.082359
0 0.420032 0.159124 0.071766 0.084660
0 0.461478 0.138809 0.083416 0.093991
0 0.757614 0.339316 0.072928 0.085382
0 0.292477 0.107415 0.081342 0.093197
0 0.425223 0.252011 0.092295 0.066787
0 0.464024 0.106618 0.071977 0.098851
0 0.342105 0.181618 0.099580 0.096773
0 0.631373 0.566206 0.058072 0.092308
0 0.172358 0.478594 0.086611 0.058858