0 0.204607 0.288485 0.090640 0.077728
0 0.875486 0.283810 0.084933 0.054885
0 0.703662 0.631228 0.087398 0.065594
0 0.580680 0.330671 0.057253 0.071816
0 0.112390 0.694666 0.081478 0.084698
0 0.764770 0.379625 0.051459 0.092201
0 0.280300 0.610275 0.069199 0.058214
0 0.844419 0.563498 0.093687 0.074208
0 0.738915 0.256018 0.098339 0.064115
0 0.331073 0.536996 0.050216 0.055078
0 0.279494 0.844909 0.051705 0.089468
0 0.648555 0.710749 0.055484 0.090558
0 0.368200 0.113433 0.075890 0.065259
0 0.522355 0.854396 0.051451 0.098024
0 0.135256 0.228435 0.084183 0.072823
0 0.807808 0.392488 0.086562 0.067215
0 0.520160 0.220736 0.095108 0.067592
0 0.371869 0.430199 0.076802 0.075889
0 0.190086 0.308644 0.058633 0.054713
0 0.641581 0.395844 0.064471 0.099189
0 0.392604 0.150253 0.093059 0.058803
0 0.455065 0.767969 0.053981 0.099336