0 0.483102 0.741316 0.050854 0.078081
0 0.203531 0.865173 0.061339 0.085406
0 0.263700 0.508694 0.089108 0.086074
0 0.420215 0.733320 0.095317 0.098971
0 0.689047 0.278063 0.068622 0.064336
0 0.715844 0.828986 0.070100 0.068740
0 0.542323 0.583897 0.064055 0.084237
0 0.327654 0.666826 0.071679 0.059973
0 0.647814 0.137505 0.081323 0.062354
0 0.183136 0.139835 0.057798 0.051990
0 0.388014 0.607677 0.081107 0.071851
0 0.184742 0.309988 0.098478 0.097868
0 0.107224 0.296362 0.078486 0.092028
0 0.723381 0.744396 0.086171 0.062440
0 0.492698 0.218024 0.065647 0.096189
0 0.362696 0.695116 0.055688 0.055852
0 0.616351 0.721644 0.095329 0.059850
0 0.202925 0.236389 0.063284 0.071449
0 0.856885 0.610875 0.081887 0.097099
0 0.862237 0.600326 0.082018 0.069972
0 0.745268 0.343991 0.092079 0.062715
0 0.465163 0.345110 0.065773 0.079163