0 0.259982 0.500877 0.081358 0.077243
0 0.443918 0.791200 0.075819 0.088242
0 0.791491 0.799029 0.095518 0.095892
0 0.472311 0.509620 0.067654 0.081926
0 0.830007 0.776492 0.075162 0.082742
0 0.875607 0.525066 0.097646 0.066402
0 0.371922 0.338219 0.058232 0.070210
0 0.493330 0.367201 0.055858 0.090379
0 0.214267 0.197126 0.089606 0.069903
0 0.128816 0.396821 0.074614 0.057837
0 0.576258 0.792058 0.075376 0.059058
0 0.829122 0.375054 0.097058 0.098163
0 0.289838 0.589584 0.053594 0.077535
0 0.194815 0.195013 0.081021 0.057215
0 0.841141 0.218997 0.071728 0.058536
0 0.494617 0.245969 0.071953 0.059770
0 0.864613 0.383927 0.083793 0.081207
0 0.249141 0.739455 0.053697 0.096599
0 0.476773 0.675659 0.090471 0.095136
0 0.325011 0.660881 0.083804 0.096184
0 0.381119 0.876706 0.059418 0.056925
0 0.605164 0.219511 0.060196 0.094285