0 0.154391 0.747404 0.056102 0.058494
0 0.527665 0.699240 0.075414 0.092310
0 0.789831 0.592480 0.067260 0.085728
0 0.729633 0.318351 0.084050 0.056220
0 0.239437 0.850737 0.067448 0.085718
0 0.393805 0.254175 0.072272 0.084616
0 0.101618 0.769815 0.053104 0.094031
0 0.227270 0.559826 0.090518 0.073920
0 0.700464 0.586002 0.084639 0.074897
0 0.532252 0.289298 0.097159 0.052206
0 0.317115 0.866443 0.099775 0.056075
0 0.628994 0.736445 0.056416 0.092662
0 0.457604 0.706922 0.081394 0.073238
0 0.280546 0.301832 0.067923 0.070942
0 0.605754 0.481662 0.083461 0.097439
0 0.527195 0.153679 0.069302 0.056492
0 0.203175 0.621724 0.052613 0.091171
0 0.524189 0.732985 0.070554 0.074799
0 0.223540 0.653117 0.095465 0.087890
0 0.276364 0.318580 0.061488 0.084856
0 0.704738 0.544232 0.068518 0.061646
0 0.194102 0.747499 0.093319 0.075627