0 0.120168 0.490351 0.079922 0.091720
0 0.459921 0.702215 0.093677 0.081489
0 0.567096 0.525681 0.052512 0.080954
0 0.291766 0.502585 0.057156 0.090578
0 0.623060 0.551876 0.096041 0.084007
0 0.742161 0.688402 0.099320 0.074643
0 0.572452 0.218153 0.050789 0.089291
0 0.825211 0.868746 0.077149 0.092544
0 0.236566 0.812637 0.058539 0.069614
0 0.836674 0.629139 0.057656 0.084846
0 0.217709 0.735424 0.055790 0.052519
0 0.360907 0.413285 0.072965 0.084222
0 0.384183 0.180406 0.094460 0.054384
0 0.664550 0.289235 0.067251 0.072113
0 0.623415 0.224400 0.064918 0.050083
0 0.336641 0.391273 0.093469 0.097027
0 0.515978 0.255584 0.056546 0.093744
0 0.248001 0.386811 0.091546 0.098434
0 0.440367 0.206498 0.068521 0.091253
0 0.680145 0.281398 0.089200 0.068041
0 0.566866 0.678135 0.061023 0.073968
0 0.735140 0.893226 0.067521 0.071836