0 0.792926 0.639403 0.074306 0.099881
0 0.756779 0.373268 0.086413 0.086667
0 0.710081 0.811062 0.076978 0.097380
0 0.145424 0.493793 0.076017 0.091214
0 0.421477 0.652768 0.086894 0.072081
0 0.581138 0.460324 0.073640 0.065010
0 0.527097 0.529851 0.092214 0.050855
0 0.158161 0.401756 0.061855 0.074636
0 0.400205 0.726143 0.079994 0.054787
0 0.640005 0.651013 0.090495 0.061524
0 0.363644 0.428223 0.050897 0.097091
0 0.884652 0.426726 0.081448 0.081801
0 0.546512 0.475634 0.068618 0.094864
0 0.539089 0.789522 0.064398 0.090826
0 0.217623 0.369970 0.050464 0.076781
0 0.404869 0.129850 0.068521 0.079383
0 0.435700 0.586313 0.081090 0.075843
0 0.321424 0.110133 0.052223 0.056227
0 0.409243 0.144164 0.099882 0.090498
0 0.554295 0.618417 0.059360 0.094082
0 0.138805 0.899974 0.078690 0.060358
0 0.115002 0.731917 0.090230 0.053147