0 0.593836 0.546423 0.061799 0.077681
0 0.414378 0.432565 0.071920 0.070324
0 0.501078 0.720347 0.056854 0.057906
0 0.643543 0.107375 0.094319 0.077764
0 0.819272 0.155298 0.084251 0.076561
0 0.293272 0.558268 0.074462 0.091346
0 0.683506 0.566664 0.077852 0.098962
0 0.435309 0.392307 0.064190 0.069402
0 0.607102 0.893988 0.065328 0.076354
0 0.746389 0.369769 0.052696 0.093225
0 0.134732 0.627925 0.078329 0.098356
0 0.322178 0.719285 0.084834 0.094978
0 0.449716 0.630468 0.091601 0.078607
0 0.467627 0.403961 0.085660 0.091250
0 0.730356 0.231387 0.092856 0.099720
0 0.752887 0.169450 0.089486 0.073927
0 0.799415 0.135696 0.058530 0.060687
0 0.707654 0.584730 0.059483 0.073751
0 0.301243 0.101188 0.050229 0.096351
0 0.659807 0.845099 0.059760 0.073469
0 0.386386 0.476303 0.097822 0.075859
0 0.888403 0.162936 0.082543 0.082122