0 0.797702 0.869769 0.087041 0.050931
0 0.720230 0.470033 0.051222 0.093278
0 0.336518 0.574006 0.091139 0.073062
0 0.587680 0.523067 0.067977 0.083575
0 0.717679 0.182600 0.093884 0.073087
0 0.232016 0.899844 0.057098 0.055642
0 0.551276 0.373023 0.051544 0.052477
0 0.364224 0.615169 0.091565 0.093360
0 0.314304 0.862870 0.093970 0.062848
0 0.871413 0.197407 0.076648 0.081243
0 0.109294 0.769687 0.050272 0.090254
0 0.572330 0.173109 0.077345 0.074974
0 0.562935 0.781997 0.071796 0.068605
0 0.172430 0.345221 0.071765 0.094877
0 0.400551 0.296789 0.063694 0.099563
0 0.229102 0.187980 0.064541 0.091537
0 0.434883 0.717469 0.066333 0.088208
0 0.507680 0.381037 0.060592 0.082697
0 0.719332 0.772878 0.058630 0.091474
0 0.824774 0.684557 0.051159 0.081256
0 0.467130 0.510261 0.094945 0.078590
0 0.389178 0.796975 0.064791 0.051518