0 0.806451 0.418535 0.062065 0.075250
0 0.545179 0.536817 0.069965 0.070667
0 0.653871 0.610656 0.066494 0.081786
0 0.862949 0.378331 0.092693 0.050351
0 0.368203 0.563624 0.073078 0.074446
0 0.222305 0.447738 0.082993 0.061136
0 0.783928 0.508782 0.056358 0.064931
0 0.701061 0.498265 0.096772 0.052262
0 0.259766 0.467463 0.098427 0.098437
0 0.439189 0.616660 0.058594 0.095911
0 0.829524 0.481292 0.096973 0.070263
0 0.560130 0.700071 0.078886 0.085377
0 0.650706 0.478802 0.078412 0.053345
0 0.798527 0.466955 0.050667 0.071933
0 0.432343 0.785952 0.051292 0.088748
0 0.720082 0.477740 0.091299 0.097486
0 0.394209 0.759180 0.062888 0.099712
0 0.663689 0.871363 0.081202 0.064360
0 0.598009 0.889245 0.073631 0.098644
0 0.891650 0.273812 0.057318 0.052416
0 0.100968 0.642758 0.080117 0.076634
0 0.637851 0.323386 0.098472 0.095919