0 0.713224 0.468065 0.062467 0.050816
0 0.155912 0.461784 0.098658 0.061055
0 0.258765 0.383003 0.055730 0.087341
0 0.418698 0.583872 0.087058 0.078326
0 0.236493 0.600817 0.054443 0.086868
0 0.887879 0.328738 0.076973 0.083079
0 0.701782 0.896562 0.071661 0.054462
0 0.299409 0.534138 0.088854 0.080787
0 0.485935 0.284366 0.086505 0.077942
0 0.410861 0.516966 0.095571 0.077489
0 0.877600 0.265281 0.056316 0.060383
0 0.708600 0.866416 0.059629 0.062937
0 0.828831 0.220384 0.072358 0.083011
0 0.558738 0.332819 0.075356 0.065814
0 0.883458 0.352163 0.091486 0.051656
0 0.522208 0.174051 0.079462 0.087326
0 0.267307 0.886362 0.095926 0.058327
0 0.862866 0.130907 0.079606 0.053129
0 0.629178 0.400949 0.085890 0.070527
0 0.404759 0.367296 0.060242 0.051936
0 0.459462 0.268581 0.061810 0.092261
0 0.205557 0.737264 0.078446 0.074100