0 0.378830 0.558368 0.083659 0.094976
0 0.761680 0.416743 0.084170 0.092998
0 0.336502 0.814634 0.094193 0.078618
0 0.624648 0.824224 0.059173 0.055725
0 0.710803 0.387761 0.095433 0.095788
0 0.840805 0.196383 0.094615 0.090618
0 0.370520 0.738100 0.083970 0.083558
0 0.275299 0.652070 0.052091 0.084973
0 0.411113 0.717262 0.050987 0.053111
0 0.206164 0.275245 0.074716 0.056672
0 0.379926 0.888442 0.077606 0.050727
0 0.516360 0.302058 0.092492 0.069098
0 0.202938 0.133367 0.051173 0.092563
0 0.121230 0.288022 0.094133 0.061786
0 0.214571 0.405909 0.056867 0.052672
0 0.689063 0.340306 0.073674 0.098651
0 0.110542 0.717584 0.091278 0.098532
0 0.813063 0.669803 0.077329 0.092250
0 0.870706 0.770195 0.069236 0.085668
0 0.768363 0.646534 0.097033 0.071495
0 0.428362 0.243255 0.080179 0.054688
0 0.888726 0.357557 0.075462 0.077685