0 0.501838 0.816281 0.091744 0.073218
0 0.180283 0.372612 0.092098 0.068920
0 0.558887 0.459505 0.062007 0.061334
0 0.338613 0.866622 0.078328 0.085733
0 0.187344 0.331804 0.050155 0.073382
0 0.443606 0.450767 0.098846 0.095830
0 0.800637 0.183612 0.060126 0.070978
0 0.428628 0.704063 0.093608 0.098694
0 0.721995 0.584875 0.080921 0.069882
0 0.189913 0.383838 0.058665 0.083720
0 0.146280 0.382017 0.075123 0.096806
0 0.755016 0.356840 0.074018 0.051956
0 0.115995 0.539278 0.068396 0.097606
0 0.738658 0.428759 0.053930 0.074021
0 0.412031 0.798380 0.050874 0.071595
0 0.218049 0.496697 0.083410 0.069605
0 0.875873 0.182442 0.064568 0.052737
0 0.429891 0.830932 0.055550 0.096821
0 0.502295 0.137656 0.087202 0.070552
0 0.388102 0.559495 0.083840 0.058688
0 0.567343 0.472883 0.053941 0.095465
0 0.841858 0.332753 0.085367 0.057620