0 0.862108 0.184658 0.074084 0.083095
0 0.426329 0.314153 0.098028 0.059586
0 0.487683 0.114656 0.051811 0.054261
0 0.119292 0.592549 0.097193 0.088310
0 0.706052 0.130505 0.059364 0.067345
0 0.267416 0.291462 0.090776 0.089106
0 0.202442 0.553381 0.078691 0.051678
0 0.699268 0.585520 0.070455 0.058788
0 0.211732 0.720454 0.069090 0.084156
0 0.132447 0.131979 0.098572 0.080287
0 0.144315 0.617387 0.059051 0.070580
0 0.823054 0.714927 0.076714 0.073189
0 0.600356 0.626232 0.076298 0.098593
0 0.718350 0.345518 0.055847 0.085234
0 0.463029 0.366579 0.070559 0.053825
0 0.810413 0.305417 0.083527 0.095624
0 0.450928 0.898782 0.064942 0.072477
0 0.486175 0.523165 0.099393 0.075005
0 0.275672 0.246415 0.083881 0.078324
0 0.716372 0.213828 0.078845 0.094122
0 0.707836 0.699383 0.058267 0.093535
0 0.426612 0.599962 0.051685 0.075672