0 0.640758 0.360662 0.070317 0.077925
0 0.873799 0.625187 0.091677 0.052459
0 0.880284 0.867321 0.063915 0.095647
0 0.661634 0.386357 0.087343 0.065512
0 0.743108 0.808470 0.062730 0.057377
0 0.163875 0.237740 0.076657 0.056319
0 0.154861 0.517465 0.086361 0.095690
0 0.677125 0.430532 0.051743 0.089662
0 0.395870 0.718437 0.085755 0.082202
0 0.766617 0.692543 0.079828 0.072125
0 0.615027 0.178946 0.091504 0.098778
0 0.662096 0.833011 0.050667 0.082933
0 0.724702 0.291486 0.068366 0.059832
0 0.466625 0.198836 0.051436 0.090431
0 0.722884 0.775778 0.086731 0.091346
0 0.552015 0.879850 0.069096 0.082987
0 0.191020 0.371518 0.089810 0.096806
0 0.210408 0.843812 0.082154 0.053881
0 0.117368 0.146687 0.068302 0.099505
0 0.567073 0.634257 0.057304 0.050098
0 0.611782 0.865318 0.052229 0.066601
0 0.243244 0.626073 0.083796 0.059486