0 0.239333 0.340243 0.065048 0.068053
0 0.803853 0.225208 0.081330 0.085536
0 0.589887 0.795120 0.066190 0.064128
0 0.742182 0.664930 0.052374 0.081338
0 0.441282 0.550693 0.093057 0.067011
0 0.233726 0.241233 0.062495 0.067351
0 0.859990 0.373275 0.064301 0.069928
0 0.859403 0.513030 0.094775 0.077689
0 0.122613 0.292584 0.057348 0.091406
0 0.712225 0.547642 0.088889 0.071051
0 0.844867 0.675324 0.069863 0.094102
0 0.683576 0.280587 0.073051 0.091738
0 0.137633 0.174291 0.066967 0.076657
0 0.600736 0.134678 0.052403 0.052008
0 0.474547 0.176355 0.098156 0.069838
0 0.797176 0.390545 0.077113 0.077940
0 0.793746 0.106376 0.083399 0.096710
0 0.621987 0.775996 0.075632 0.051782
0 0.361634 0.182064 0.088386 0.084272
0 0.314533 0.167930 0.051241 0.063931
0 0.130491 0.345401 0.088576 0.081280
0 0.637822 0.624291 0.092021 0.057317