0 0.651742 0.127866 0.080081 0.068806
0 0.147777 0.210813 0.050616 0.050652
0 0.811558 0.281577 0.053498 0.083002
0 0.325939 0.224179 0.098928 0.085089
0 0.867098 0.305869 0.079583 0.055422
0 0.820927 0.764839 0.072493 0.096209
0 0.122217 0.197171 0.070960 0.096108
0 0.649374 0.763124 0.092169 0.064962
0 0.556133 0.407436 0.067886 0.051409
0 0.160963 0.143158 0.060480 0.083312
0 0.535040 0.794942 0.052989 0.068540
0 0.219419 0.278560 0.054970 0.077784
0 0.529978 0.588364 0.080277 0.074192
0 0.551421 0.666815 0.077368 0.094283
0 0.669984 0.581575 0.098890 0.051347
0 0.881775 0.558404 0.052827 0.081734
0 0.472537 0.273948 0.075535 0.074357
0 0.572391 0.304077 0.084867 0.068723
0 0.543452 0.802655 0.058629 0.095648
0 0.553906 0.542213 0.073585 0.074021
0 0.277607 0.357222 0.052063 0.089131
0 0.705655 0.232281 0.071852 0.061701