0 0.291408 0.542071 0.093329 0.093551
0 0.242785 0.234448 0.052355 0.067038
0 0.218702 0.744887 0.077068 0.077405
0 0.434124 0.854340 0.096249 0.093436
0 0.839443 0.734244 0.091624 0.095220
0 0.237506 0.358685 0.056613 0.079999
0 0.157156 0.526474 0.079418 0.088589
0 0.286222 0.350177 0.065882 0.050719
0 0.332247 0.393056 0.057198 0.069516
0 0.864865 0.123649 0.062580 0.053181
0 0.405672 0.318257 0.097053 0.076061
0 0.346579 0.370010 0.059940 0.055326
0 0.618222 0.332872 0.051085 0.074835
0 0.116175 0.496670 0.064741 0.087973
0 0.475673 0.809507 0.095756 0.074718
0 0.604341 0.612798 0.050478 0.096230
0 0.773989 0.169701 0.054961 0.063309
0 0.726320 0.827303 0.065642 0.051899
0 0.370069 0.459436 0.091820 0.056839
0 0.604452 0.889970 0.071766 0.071096
0 0.147897 0.490410 0.077917 0.058690
0 0.329228 0.793718 0.082382 0.067851