0 0.497464 0.633417 0.098796 0.089762
0 0.341678 0.398848 0.077492 0.069108
0 0.688830 0.168679 0.054944 0.082931
0 0.860552 0.377980 0.055722 0.076331
0 0.713254 0.423157 0.055321 0.078476
0 0.830119 0.602551 0.078361 0.090783
0 0.864976 0.871489 0.077100 0.089868
0 0.416396 0.496701 0.061030 0.086568
0 0.640018 0.568092 0.053327 0.062528
0 0.351188 0.184797 0.083828 0.070437
0 0.733271 0.750183 0.094625 0.095800
0 0.192146 0.190296 0.082847 0.061428
0 0.759099 0.569740 0.095237 0.059888
0 0.884859 0.613315 0.091307 0.085697
0 0.175506 0.879628 0.062246 0.073057
0 0.396334 0.583360 0.067309 0.089611
0 0.565486 0.224149 0.070678 0.075873
0 0.137753 0.229070 0.050901 0.085012
0 0.422949 0.669399 0.075310 0.097202
0 0.894593 0.733809 0.069152 0.064903
0 0.319437 0.753881 0.094274 0.062724
0 0.538591 0.377998 0.092032 0.080739