0 0.205235 0.448949 0.052192 0.077718
0 0.397254 0.424868 0.054529 0.081656
0 0.703376 0.757449 0.067018 0.061769
0 0.589250 0.660995 0.092231 0.071058
0 0.478178 0.271760 0.078369 0.066566
0 0.702027 0.429434 0.074872 0.084665
0 0.740751 0.179932 0.068709 0.083315
0 0.100886 0.568243 0.094865 0.094620
0 0.477575 0.482357 0.053346 0.069086
0 0.873757 0.875385 0.083625 0.095594
0 0.885724 0.621469 0.090245 0.091767
0 0.520123 0.383201 0.080984 0.087221
0 0.684391 0.772141 0.074811 0.066288
0 0.526513 0.859148 0.059212 0.055213
0 0.800570 0.873492 0.082335 0.090143
0 0.724318 0.585187 0.066675 0.070449
0 0.273295 0.169010 0.085419 0.060599
0 0.382423 0.816061 0.099430 0.067928
0 0.711252 0.688838 0.083385 0.081661
0 0.347438 0.210949 0.060660 0.076071
0 0.769626 0.683108 0.088450 0.098689
0 0.462955 0.624705 0.053936 0.078289