0 0.833740 0.534332 0.093931 0.095525
0 0.328136 0.610331 0.092164 0.058294
0 0.104044 0.139534 0.062228 0.083080
0 0.619406 0.663392 0.095310 0.091292
0 0.208648 0.811957 0.097378 0.061401
0 0.207592 0.733351 0.055434 0.069447
0 0.124517 0.476085 0.068466 0.069278
0 0.119926 0.202972 0.090296 0.070358
0 0.691062 0.172281 0.059571 0.065639
0 0.295716 0.723102 0.074986 0.058691
0 0.148372 0.372688 0.096471 0.060610
0 0.429910 0.181947 0.097270 0.055268
0 0.584222 0.141645 0.067692 0.052051
0 0.826691 0.659566 0.087561 0.094663
0 0.468072 0.497725 0.094183 0.094265
0 0.705628 0.528120 0.083411 0.071756
0 0.172769 0.536749 0.051900 0.096675
0 0.247373 0.438992 0.064397 0.082717
0 0.392431 0.145884 0.088017 0.079589
0 0.618383 0.798771 0.052893 0.059200
0 0.135139 0.820491 0.057651 0.067928
0 0.621886 0.191374 0.058570 0.065523