0 0.733538 0.527300 0.069924 0.091925
0 0.209092 0.228002 0.089674 0.097261
0 0.806033 0.467999 0.067393 0.055100
0 0.502675 0.718239 0.059808 0.058353
0 0.306644 0.157006 0.077133 0.074214
0 0.451575 0.114385 0.055276 0.050031
0 0.226965 0.504905 0.062905 0.092173
0 0.622771 0.197676 0.090756 0.051931
0 0.163374 0.845101 0.096110 0.080563
0 0.561408 0.685318 0.055349 0.071381
0 0.490849 0.134921 0.055294 0.099653
0 0.836930 0.637581 0.098857 0.064353
0 0.292318 0.425685 0.096556 0.058034
0 0.713048 0.736081 0.087761 0.058071
0 0.328926 0.111913 0.059628 0.092298
0 0.599251 0.486218 0.092104 0.080820
0 0.473988 0.660778 0.066331 0.080117
0 0.156892 0.760346 0.097698 0.093907
0 0.820982 0.557000 0.057578 0.066389
0 0.823452 0.634353 0.082254 0.090748
0 0.795265 0.432224 0.052238 0.095370
0 0.197815 0.249803 0.089138 0.059983