0 0.514778 0.851869 0.059416 0.088841
0 0.211273 0.486445 0.067557 0.050047
0 0.274755 0.227923 0.069676 0.063295
0 0.685231 0.806467 0.070529 0.055055
0 0.541955 0.716750 0.093791 0.056947
0 0.707312 0.554269 0.050139 0.080023
0 0.151372 0.376188 0.067038 0.051672
0 0.166293 0.188784 0.051833 0.077471
0 0.444144 0.756572 0.077990 0.086661
0 0.277843 0.829349 0.081017 0.053641
0 0.687985 0.128199 0.077804 0.078831
0 0.747088 0.530786 0.081552 0.095693
0 0.126659 0.171429 0.080716 0.097944
0 0.533937 0.654553 0.061799 0.075726
0 0.308241 0.851322 0.087754 0.056254
0 0.687017 0.518496 0.052757 0.058960
0 0.416486 0.317572 0.090724 0.076428
0 0.564820 0.279373 0.061327 0.083312
0 0.734612 0.171239 0.097265 0.093817
0 0.762196 0.329291 0.070329 0.052889
0 0.278618 0.726817 0.091633 0.066259
0 0.401153 0.145913 0.096335 0.070196