0 0.317432 0.619643 0.081966 0.075345
0 0.474396 0.704566 0.066905 0.052349
0 0.457714 0.497167 0.061995 0.060494
0 0.298337 0.154620 0.062016 0.091310
0 0.206882 0.228192 0.071171 0.077891
0 0.689325 0.604328 0.094132 0.087674
0 0.418894 0.205455 0.082080 0.084166
0 0.242518 0.542049 0.083851 0.080099
0 0.612314 0.624785 0.052478 0.099111
0 0.521082 0.513968 0.051852 0.080986
0 0.386056 0.373960 0.079582 0.081766
0 0.397782 0.829526 0.074119 0.057174
0 0.122670 0.408435 0.054114 0.078765
0 0.302704 0.385035 0.050593 0.067972
0 0.435638 0.172801 0.087171 0.096151
0 0.783784 0.277573 0.060746 0.052580
0 0.311702 0.785578 0.054844 0.057212
0 0.313002 0.178680 0.066709 0.076803
0 0.451707 0.682289 0.066680 0.068905
0 0.545567 0.727109 0.062086 0.075690
0 0.472084 0.663965 0.090884 0.067339
0 0.114634 0.642195 0.093390 0.051652