0 0.450373 0.241300 0.091089 0.053588
0 0.872636 0.425937 0.081945 0.067661
0 0.386019 0.531117 0.094181 0.087600
0 0.434825 0.374267 0.054013 0.098968
0 0.521302 0.531235 0.091473 0.074270
0 0.281508 0.891011 0.088297 0.093350
0 0.777870 0.369089 0.080936 0.099854
0 0.662857 0.287834 0.055291 0.082608
0 0.728435 0.810057 0.098151 0.070207
0 0.112492 0.830733 0.072804 0.079151
0 0.701800 0.775869 0.099745 0.069120
0 0.670672 0.438760 0.082807 0.070587
0 0.219693 0.802138 0.065870 0.066937
0 0.375951 0.351390 0.091385 0.051838
0 0.860432 0.500804 0.055444 0.050968
0 0.303691 0.599618 0.071552 0.085889
0 0.670827 0.873436 0.060819 0.054643
0 0.133627 0.620017 0.061898 0.095258
0 0.502767 0.358571 0.065789 0.083755
0 0.436552 0.421254 0.089041 0.071987
0 0.778364 0.203380 0.071476 0.066564
0 0.215683 0.290365 0.084632 0.097203