0 0.862239 0.491334 0.058792 0.060210
0 0.205436 0.216799 0.091247 0.080207
0 0.391011 0.441898 0.090759 0.057174
0 0.311491 0.420930 0.069077 0.068104
0 0.181481 0.817235 0.080909 0.063318
0 0.699038 0.118215 0.073427 0.062185
0 0.891188 0.564383 0.093040 0.086108
0 0.783293 0.405598 0.066842 0.099510
0 0.559238 0.756775 0.080984 0.093674
0 0.806805 0.801635 0.092687 0.084288
0 0.255498 0.134642 0.088960 0.057692
0 0.371618 0.129284 0.056708 0.050327
0 0.667898 0.872652 0.060697 0.055526
0 0.159765 0.177385 0.083406 0.053706
0 0.396898 0.533108 0.076903 0.095349
0 0.895071 0.155328 0.064535 0.093610
0 0.381002 0.884809 0.071188 0.069887
0 0.677037 0.559832 0.089614 0.093260
0 0.170800 0.799276 0.061610 0.070939
0 0.389447 0.312536 0.068995 0.050439
0 0.621083 0.751607 0.070129 0.078583
0 0.778432 0.547325 0.082731 0.093826