0 0.633444 0.725475 0.071439 0.051552
0 0.737001 0.890414 0.093413 0.054964
0 0.201592 0.710702 0.096664 0.078552
0 0.859668 0.609828 0.067118 0.052236
0 0.450782 0.103597 0.088799 0.087212
0 0.639266 0.216846 0.081990 0.059903
0 0.391998 0.550384 0.052447 0.063969
0 0.303482 0.517284 0.051669 0.098513
0 0.442888 0.871676 0.094964 0.057732
0 0.824786 0.269598 0.088800 0.055467
0 0.306772 0.376108 0.094653 0.099321
0 0.525371 0.780648 0.094942 0.098816
0 0.718859 0.128444 0.092377 0.099731
0 0.141724 0.668740 0.085645 0.062487
0 0.202819 0.649126 0.057622 0.072565
0 0.430227 0.103967 0.098408 0.078479
0 0.134855 0.461367 0.054934 0.083130
0 0.222369 0.700945 0.087739 0.079285
0 0.294187 0.338982 0.072690 0.079413
0 0.702055 0.791718 0.096217 0.053163
0 0.246304 0.708629 0.094634 0.078851
0 0.705527 0.361919 0.086545 0.085730