0 0.170017 0.342690 0.078735 0.080050
0 0.828784 0.377905 0.074599 0.095953
0 0.718478 0.680847 0.084225 0.096453
0 0.574476 0.137906 0.067142 0.069572
0 0.808143 0.388147 0.094925 0.055196
0 0.448381 0.746063 0.075860 0.091549
0 0.298044 0.841677 0.083186 0.054741
0 0.105116 0.744217 0.096573 0.097184
0 0.355757 0.881014 0.079160 0.092321
0 0.416660 0.770202 0.066902 0.084227
0 0.614090 0.175588 0.096055 0.051301
0 0.254013 0.733914 0.070618 0.056703
0 0.483419 0.370733 0.077826 0.075443
0 0.807530 0.691686 0.054147 0.051509
0 0.242736 0.605669 0.073404 0.094872
0 0.352970 0.329357 0.081411 0.080894
0 0.456562 0.873540 0.073071 0.075723
0 0.321758 0.866992 0.092170 0.056982
0 0.547189 0.598727 0.090536 0.072738
0 0.681473 0.346329 0.083597 0.078871
0 0.601638 0.861701 0.063161 0.094920
0 0.804466 0.529506 0.083158 0.055246