0 0.635294 0.350283 0.070376 0.064606
0 0.341276 0.834909 0.088117 0.095429
0 0.183621 0.528062 0.062752 0.090254
0 0.649459 0.362621 0.094605 0.088810
0 0.419060 0.414101 0.065213 0.084769
0 0.160705 0.440114 0.078513 0.065723
0 0.389970 0.402081 0.060460 0.093667
0 0.401072 0.314810 0.096875 0.087417
0 0.126587 0.562135 0.094183 0.078342
0 0.855728 0.692438 0.056835 0.074375
0 0.395312 0.116400 0.094238 0.078422
0 0.318239 0.197609 0.087106 0.050979
0 0.661626 0.520851 0.079314 0.093439
0 0.172426 0.683925 0.080530 0.099911
0 0.188264 0.263165 0.059502 0.089723
0 0.192141 0.236303 0.077480 0.066310
0 0.315818 0.658241 0.071469 0.081222
0 0.429549 0.866307 0.085687 0.057961
0 0.510257 0.612542 0.089295 0.067715
0 0.402799 0.282564 0.066637 0.095752
0 0.463535 0.638536 0.091498 0.081219
0 0.271901 0.787973 0.082816 0.078451