0 0.886356 0.273713 0.069059 0.078796
0 0.104004 0.501699 0.094375 0.089637
0 0.831379 0.818064 0.071512 0.094836
0 0.390299 0.437353 0.074691 0.066450
0 0.781051 0.432139 0.070742 0.085496
0 0.513090 0.241063 0.072298 0.093563
0 0.320431 0.480960 0.084759 0.094856
0 0.779377 0.259458 0.073239 0.052202
0 0.711241 0.121703 0.055751 0.065777
0 0.782869 0.794991 0.098148 0.092388
0 0.717863 0.495794 0.060462 0.081866
0 0.819743 0.800386 0.082143 0.077539
0 0.612196 0.854249 0.059296 0.057373
0 0.442912 0.842074 0.051369 0.095401
0 0.260025 0.254678 0.056640 0.094366
0 0.793379 0.627689 0.073595 0.080829
0 0.551778 0.452555 0.076595 0.085957
0 0.284113 0.825056 0.062343 0.070198
0 0.350850 0.368154 0.051096 0.081836
0 0.832953 0.317268 0.087548 0.071817
0 0.603736 0.427785 0.057945 0.089815
0 0.247331 0.300913 0.052767 0.094383