0 0.633470 0.754617 0.055020 0.094035
0 0.340946 0.381447 0.050134 0.052514
0 0.136440 0.688382 0.053591 0.079899
0 0.158846 0.482552 0.092421 0.086179
0 0.118052 0.319231 0.058974 0.052021
0 0.260013 0.458367 0.074968 0.089482
0 0.867503 0.347745 0.056867 0.076704
0 0.327962 0.246488 0.083679 0.058621
0 0.398317 0.653488 0.056030 0.084634
0 0.702800 0.178719 0.064199 0.052220
0 0.552621 0.490912 0.073566 0.085933
0 0.179603 0.815522 0.099348 0.091415
0 0.862640 0.463880 0.093153 0.068794
0 0.878580 0.266788 0.055512 0.059986
0 0.667879 0.697367 0.059632 0.066653
0 0.814508 0.503587 0.059315 0.050733
0 0.469920 0.465977 0.067871 0.083136
0 0.123028 0.419923 0.057051 0.075871
0 0.209302 0.375046 0.085638 0.067755
0 0.346014 0.542132 0.072657 0.054535
0 0.529247 0.297081 0.066826 0.064519
0 0.730666 0.411805 0.072379 0.068248