0 0.496988 0.805538 0.087355 0.080331
0 0.473746 0.514488 0.053762 0.051360
0 0.388851 0.726012 0.087997 0.055521
0 0.778184 0.354038 0.088797 0.090960
0 0.275387 0.527652 0.073740 0.065153
0 0.471556 0.757728 0.095485 0.053341
0 0.716917 0.435536 0.087880 0.063997
0 0.380204 0.517629 0.098314 0.087431
0 0.540568 0.556977 0.097659 0.092374
0 0.412760 0.823805 0.085055 0.093413
0 0.188119 0.692746 0.076331 0.098629
0 0.416908 0.346873 0.069161 0.081963
0 0.125989 0.256818 0.097219 0.076748
0 0.379849 0.177020 0.084693 0.090769
0 0.598875 0.746398 0.064326 0.054796
0 0.637432 0.870159 0.051793 0.097425
0 0.556295 0.893305 0.078430 0.065268
0 0.877004 0.793757 0.073745 0.082136
0 0.809246 0.474550 0.099341 0.074219
0 0.202315 0.622707 0.060689 0.082918
0 0.867270 0.116910 0.067660 0.085716
0 0.892705 0.474028 0.087305 0.055180