0 0.528578 0.162000 0.094148 0.057616
0 0.882114 0.689455 0.071960 0.098023
0 0.458552 0.858464 0.093364 0.099872
0 0.536724 0.529015 0.051734 0.074244
0 0.715488 0.352114 0.095949 0.066136
0 0.482152 0.531661 0.080529 0.082735
0 0.631291 0.349042 0.090455 0.066621
0 0.648261 0.300245 0.061473 0.088906
0 0.335906 0.557934 0.064473 0.085085
0 0.819659 0.571983 0.094925 0.087033
0 0.715718 0.648544 0.089834 0.060759
0 0.398027 0.468879 0.071204 0.094747
0 0.722630 0.754318 0.094052 0.059074
0 0.689726 0.563618 0.096344 0.099862
0 0.305571 0.308582 0.062042 0.089091
0 0.852478 0.724503 0.058733 0.072076
0 0.192366 0.486398 0.095015 0.087162
0 0.803803 0.884728 0.096835 0.056437
0 0.495135 0.354564 0.058652 0.054840
0 0.212668 0.877665 0.067032 0.099536
0 0.633683 0.196679 0.071950 0.059762
0 0.605554 0.784323 0.070208 0.099173