0 0.216089 0.672413 0.062199 0.097148
0 0.357531 0.438553 0.073572 0.079915
0 0.205274 0.213492 0.069634 0.050357
0 0.119498 0.631790 0.063045 0.063821
0 0.683754 0.197934 0.093478 0.065025
0 0.191725 0.378019 0.076661 0.068264
0 0.215926 0.392540 0.077925 0.097830
0 0.346438 0.302946 0.094623 0.081255
0 0.187717 0.370084 0.067057 0.095128
0 0.627258 0.858055 0.082054 0.051084
0 0.441489 0.676767 0.065736 0.054584
0 0.251228 0.556135 0.064186 0.084212
0 0.202777 0.634901 0.074049 0.078929
0 0.505890 0.298622 0.073460 0.086897
0 0.840679 0.330210 0.098650 0.068983
0 0.685844 0.475815 0.067363 0.069031
0 0.777077 0.793612 0.094504 0.098369
0 0.694418 0.561325 0.061628 0.051177
0 0.483167 0.751147 0.071747 0.097429
0 0.110760 0.519062 0.087381 0.093063
0 0.114332 0.311325 0.061672 0.088831
0 0.896503 0.723492 0.083409 0.056100