0 0.710119 0.829625 0.064024 0.072658
0 0.118719 0.568217 0.089624 0.069500
0 0.559458 0.161298 0.053634 0.088140
0 0.534576 0.873607 0.086710 0.095560
0 0.648712 0.443177 0.051912 0.070766
0 0.343921 0.579629 0.050781 0.092188
0 0.400626 0.352623 0.087114 0.074782
0 0.776324 0.250848 0.066404 0.070384
0 0.556939 0.136792 0.089133 0.091433
0 0.644393 0.390722 0.051014 0.076654
0 0.219294 0.760836 0.096194 0.055287
0 0.527164 0.233877 0.058329 0.063843
0 0.363731 0.431769 0.082591 0.050686
0 0.569877 0.769695 0.084387 0.087626
0 0.697449 0.230224 0.093450 0.075008
0 0.384292 0.498342 0.088177 0.052356
0 0.147476 0.408061 0.099102 0.062296
0 0.304045 0.615672 0.086456 0.091848
0 0.100879 0.829974 0.098008 0.056242
0 0.763537 0.834149 0.075362 0.082403
0 0.222011 0.730123 0.079791 0.060489
0 0.545302 0.469246 0.060886 0.062814