0 0.657524 0.478257 0.064992 0.082161
0 0.641405 0.135549 0.073117 0.096627
0 0.526888 0.165798 0.092818 0.068554
0 0.877037 0.821763 0.071604 0.051924
0 0.540524 0.646176 0.070613 0.068861
0 0.521967 0.323913 0.055968 0.079478
0 0.475824 0.698910 0.061913 0.090795
0 0.429354 0.441324 0.060333 0.065025
0 0.546309 0.286814 0.088886 0.068785
0 0.816703 0.803746 0.072801 0.094402
0 0.725930 0.378552 0.073266 0.061968
0 0.522887 0.352825 0.067101 0.095222
0 0.480659 0.852402 0.089240 0.071899
0 0.447173 0.581384 0.076253 0.095095
0 0.402079 0.400505 0.075270 0.065815
0 0.659644 0.326033 0.050097 0.099102
0 0.578768 0.294762 0.086545 0.067748
0 0.226217 0.401788 0.074466 0.063152
0 0.499068 0.512195 0.063011 0.094728
0 0.533557 0.880171 0.087439 0.088939
0 0.402708 0.216916 0.088149 0.078582
0 0.536020 0.585821 0.096590 0.094050