0 0.862626 0.346349 0.073155 0.052293
0 0.492672 0.327367 0.088148 0.079227
0 0.703157 0.346266 0.075320 0.092018
0 0.568329 0.719113 0.085678 0.078938
0 0.373655 0.387675 0.089867 0.096881
0 0.811210 0.864174 0.091467 0.082211
0 0.256913 0.430800 0.089422 0.077728
0 0.557029 0.603740 0.078672 0.071471
0 0.164341 0.265881 0.085200 0.078988
0 0.332621 0.344018 0.051979 0.092640
0 0.343440 0.359833 0.090790 0.093675
0 0.101951 0.789065 0.076382 0.078013
0 0.603221 0.358952 0.051972 0.090465
0 0.370005 0.724162 0.097241 0.057195
0 0.694182 0.695177 0.063822 0.051726
0 0.688924 0.573123 0.071602 0.053418
0 0.859005 0.635329 0.088228 0.051165
0 0.539160 0.517342 0.098442 0.076196
0 0.374955 0.328178 0.051366 0.064934
0 0.113139 0.836995 0.070180 0.099415
0 0.395332 0.835799 0.059323 0.068221
0 0.639128 0.842241 0.086265 0.069200