0 0.501142 0.468845 0.083498 0.096591
0 0.336306 0.382788 0.062420 0.074802
0 0.369315 0.231223 0.088670 0.092167
0 0.102922 0.871497 0.063108 0.092858
0 0.725375 0.202229 0.068637 0.079509
0 0.479044 0.853936 0.070217 0.053689
0 0.439422 0.257928 0.051357 0.085143
0 0.809088 0.111681 0.055643 0.078999
0 0.707519 0.257024 0.079544 0.050342
0 0.865121 0.462773 0.072235 0.067987
0 0.266275 0.191423 0.077062 0.092406
0 0.680322 0.795247 0.079037 0.089124
0 0.880285 0.877254 0.065320 0.065629
0 0.899128 0.565707 0.098266 0.080154
0 0.135806 0.848760 0.079810 0.083675
0 0.353165 0.558238 0.087465 0.067481
0 0.275201 0.551979 0.064761 0.052734
0 0.723281 0.200090 0.097184 0.060956
0 0.293765 0.501321 0.081129 0.076538
0 0.155937 0.142892 0.089998 0.072549
0 0.552041 0.205188 0.077072 0.085861
0 0.797323 0.184151 0.050689 0.066780