0 0.164343 0.859081 0.057740 0.061026
0 0.522272 0.211479 0.083340 0.079688
0 0.678520 0.897304 0.087747 0.083530
0 0.649266 0.486252 0.065539 0.070524
0 0.531804 0.534650 0.053148 0.086905
0 0.300666 0.728156 0.076427 0.099423
0 0.866224 0.200609 0.093989 0.088076
0 0.531573 0.712996 0.096785 0.050193
0 0.166156 0.803718 0.067546 0.059070
0 0.597624 0.597636 0.096083 0.055341
0 0.704760 0.520360 0.092174 0.086072
0 0.719353 0.180462 0.075218 0.087238
0 0.426278 0.866524 0.096119 0.051171
0 0.894043 0.247705 0.064468 0.081368
0 0.655624 0.308254 0.084894 0.080815
0 0.511722 0.113117 0.083785 0.076931
0 0.417291 0.407230 0.060282 0.072182
0 0.162483 0.731069 0.072846 0.055804
0 0.481888 0.719656 0.052700 0.077389
0 0.276782 0.382188 0.058483 0.058541
0 0.849240 0.520756 0.072626 0.091750
0 0.436168 0.307980 0.053995 0.090763