0 0.490946 0.896457 0.086743 0.067941
0 0.385904 0.527682 0.095378 0.051960
0 0.310688 0.800236 0.085632 0.075022
0 0.452830 0.111269 0.056746 0.093574
0 0.306971 0.429111 0.068657 0.091431
0 0.133418 0.258502 0.055281 0.083172
0 0.217838 0.233011 0.091640 0.083767
0 0.358532 0.300000 0.078909 0.075383
0 0.878615 0.153480 0.056320 0.084356
0 0.595392 0.647617 0.058428 0.061720
0 0.866981 0.157807 0.078045 0.086559
0 0.860182 0.238827 0.050107 0.082433
0 0.182935 0.119262 0.095911 0.084919
0 0.195900 0.141217 0.079666 0.082193
0 0.266785 0.220630 0.071167 0.051405
0 0.409622 0.749379 0.083032 0.084892
0 0.728484 0.636387 0.092453 0.090408
0 0.887114 0.804865 0.084135 0.086764
0 0.532460 0.819542 0.078264 0.056158
0 0.770847 0.757250 0.057345 0.088189
0 0.392211 0.601278 0.080799 0.052555
0 0.174872 0.803727 0.057745 0.054125