0 0.686579 0.802163 0.092546 0.090278
0 0.423215 0.823511 0.066922 0.072632
0 0.514006 0.429158 0.059948 0.089471
0 0.750652 0.404344 0.066513 0.096624
0 0.245634 0.423333 0.069736 0.080059
0 0.533045 0.437231 0.096536 0.059374
0 0.117686 0.302059 0.063034 0.051718
0 0.759105 0.160538 0.050591 0.096523
0 0.767107 0.886832 0.072174 0.085616
0 0.304112 0.191783 0.072513 0.074841
0 0.573430 0.751925 0.060724 0.050739
0 0.478488 0.109012 0.056715 0.091058
0 0.417243 0.849140 0.097387 0.094286
0 0.410660 0.258738 0.072226 0.072715
0 0.405620 0.814879 0.056998 0.053691
0 0.397690 0.189374 0.091512 0.099684
0 0.292388 0.593347 0.074719 0.087716
0 0.444431 0.610460 0.074067 0.062771
0 0.510671 0.657221 0.085069 0.060688
0 0.306869 0.409941 0.092034 0.086562
0 0.372841 0.427303 0.054342 0.085511
0 0.320021 0.819207 0.082143 0.069025