0 0.603783 0.377992 0.054270 0.058016
0 0.209747 0.392302 0.064042 0.075133
0 0.411442 0.102474 0.078127 0.056119
0 0.872981 0.192773 0.081908 0.067876
0 0.248052 0.325161 0.092812 0.065778
0 0.601113 0.434820 0.058797 0.064017
0 0.117040 0.398447 0.058553 0.082612
0 0.577105 0.668937 0.055753 0.088333
0 0.646317 0.180284 0.064380 0.096401
0 0.528832 0.562090 0.051418 0.076343
0 0.469507 0.232899 0.065803 0.066910
0 0.156358 0.782157 0.091459 0.079976
0 0.812175 0.570154 0.076771 0.075263
0 0.336834 0.787574 0.060907 0.088137
0 0.873897 0.165797 0.053458 0.091069
0 0.745214 0.460449 0.067750 0.087633
0 0.279278 0.286207 0.067170 0.054152
0 0.561462 0.836930 0.073913 0.079521
0 0.690534 0.441851 0.070979 0.095840
0 0.512615 0.311235 0.064513 0.065095
0 0.782634 0.257441 0.097922 0.058606
0 0.562313 0.604661 0.089586 0.083466