0 0.297184 0.509111 0.082537 0.073957
0 0.538007 0.456907 0.096556 0.068830
0 0.148423 0.476906 0.082003 0.079456
0 0.720028 0.142234 0.082285 0.069847
0 0.226587 0.886081 0.093739 0.056015
0 0.812783 0.771224 0.099834 0.093520
0 0.470321 0.231610 0.086280 0.080217
0 0.428699 0.479050 0.074400 0.070211
0 0.667883 0.684099 0.075436 0.080573
0 0.490341 0.467013 0.087217 0.069042
0 0.117349 0.305675 0.069223 0.050488
0 0.789701 0.675180 0.098845 0.098672
0 0.321538 0.518036 0.096209 0.054400
0 0.124279 0.779811 0.052828 0.099360
0 0.831487 0.446163 0.088774 0.064065
0 0.247598 0.337388 0.068145 0.052823
0 0.698025 0.864888 0.096439 0.056189
0 0.589244 0.697087 0.066178 0.059374
0 0.737986 0.475415 0.080423 0.096038
0 0.318543 0.126390 0.094905 0.050563
0 0.405479 0.349302 0.066422 0.089088
0 0.835574 0.763505 0.083381 0.059967