0 0.460699 0.551162 0.075876 0.095827
0 0.196960 0.208993 0.087774 0.056989
0 0.844509 0.728287 0.064054 0.082087
0 0.266347 0.813152 0.091490 0.057642
0 0.782151 0.625454 0.064336 0.081920
0 0.640065 0.213040 0.065859 0.091036
0 0.207142 0.809265 0.097837 0.076644
0 0.609852 0.678673 0.070770 0.098554
0 0.318687 0.366481 0.070327 0.090772
0 0.574409 0.475091 0.071326 0.065677
0 0.146076 0.735748 0.090379 0.051922
0 0.409722 0.643790 0.095988 0.062046
0 0.894458 0.786206 0.090328 0.058008
0 0.760977 0.525931 0.079780 0.090736
0 0.206595 0.538069 0.079282 0.089611
0 0.718746 0.479306 0.066083 0.078007
0 0.554067 0.227164 0.051743 0.070663
0 0.803581 0.244190 0.058218 0.089390
0 0.199232 0.473351 0.058898 0.064167
0 0.681188 0.876083 0.056591 0.072734
0 0.859843 0.512366 0.089491 0.052946
0 0.303730 0.317443 0.095706 0.085862