0 0.482110 0.133286 0.095731 0.077062
0 0.113724 0.870079 0.081505 0.098617
0 0.668809 0.288957 0.068498 0.087040
0 0.110976 0.418068 0.058508 0.071766
0 0.474778 0.310075 0.076821 0.088979
0 0.526397 0.601175 0.093095 0.078637
0 0.284331 0.810753 0.054484 0.056946
0 0.126548 0.843702 0.099232 0.083933
0 0.254583 0.542176 0.062838 0.061130
0 0.468181 0.215731 0.085257 0.085708
0 0.378833 0.678085 0.065918 0.055901
0 0.400722 0.504698 0.066168 0.059244
0 0.288801 0.521875 0.089572 0.091857
0 0.312618 0.791419 0.068481 0.095907
0 0.662878 0.659164 0.095108 0.090793
0 0.180439 0.850497 0.072959 0.076347
0 0.127153 0.898430 0.077678 0.059980
0 0.846480 0.618898 0.081461 0.055988
0 0.711773 0.808198 0.058257 0.068577
0 0.258128 0.764941 0.073989 0.084158
0 0.546257 0.377163 0.076191 0.082226
0 0.195675 0.865894 0.071418 0.075062