0 0.309808 0.587586 0.068686 0.056325
0 0.136499 0.336068 0.080405 0.070674
0 0.131158 0.228421 0.087525 0.089906
0 0.631242 0.216566 0.059983 0.058768
0 0.327471 0.816783 0.089307 0.089884
0 0.585310 0.160030 0.071974 0.081671
0 0.636749 0.505206 0.060677 0.056716
0 0.342209 0.706797 0.097100 0.099123
0 0.200461 0.439484 0.080992 0.082034
0 0.226651 0.225323 0.069516 0.061981
0 0.829440 0.100928 0.086547 0.051752
0 0.529297 0.553659 0.052282 0.051423
0 0.810792 0.865789 0.067016 0.066858
0 0.627881 0.489599 0.097985 0.089788
0 0.731149 0.231112 0.091347 0.054011
0 0.852744 0.879339 0.095131 0.084342
0 0.279512 0.654323 0.079138 0.068421
0 0.891750 0.604346 0.080522 0.086346
0 0.710825 0.609393 0.064930 0.055613
0 0.599975 0.420322 0.054733 0.083657
0 0.511211 0.174663 0.092119 0.095240
0 0.321975 0.302434 0.053457 0.075089