0 0.533901 0.293623 0.096788 0.065136
0 0.683729 0.699817 0.092875 0.078097
0 0.643606 0.761196 0.076196 0.087559
0 0.443258 0.382299 0.075505 0.095707
0 0.639994 0.640765 0.054956 0.062213
0 0.747330 0.305788 0.090129 0.073005
0 0.847100 0.100937 0.061190 0.085487
0 0.187280 0.695893 0.093115 0.079064
0 0.444799 0.660876 0.091849 0.058826
0 0.553524 0.201784 0.099054 0.060580
0 0.641168 0.762605 0.094831 0.098702
0 0.406858 0.234380 0.084391 0.069527
0 0.823471 0.254260 0.076284 0.077058
0 0.178137 0.492929 0.058359 0.076996
0 0.697436 0.574206 0.050154 0.068520
0 0.783578 0.102589 0.087238 0.074710
0 0.877241 0.763301 0.063588 0.082444
0 0.465748 0.648320 0.076333 0.066563
0 0.832526 0.617399 0.052939 0.084548
0 0.684334 0.277190 0.054740 0.078843
0 0.451067 0.673303 0.069799 0.098107
0 0.442357 0.723829 0.097491 0.087999