0 0.460361 0.103358 0.072504 0.052129
0 0.720187 0.591612 0.057932 0.064761
0 0.565577 0.822675 0.058885 0.074391
0 0.781686 0.804614 0.054784 0.064130
0 0.588503 0.518732 0.060620 0.052936
0 0.645465 0.103221 0.069019 0.082892
0 0.326811 0.373741 0.052170 0.057508
0 0.525889 0.274393 0.098753 0.086741
0 0.830058 0.644067 0.076450 0.098250
0 0.746113 0.784195 0.089414 0.073336
0 0.408625 0.679144 0.072115 0.051196
0 0.817451 0.764044 0.077739 0.088412
0 0.131773 0.451569 0.095941 0.055673
0 0.563613 0.381503 0.090858 0.089745
0 0.491880 0.192411 0.088336 0.068533
0 0.548066 0.146290 0.054370 0.067104
0 0.776492 0.249660 0.075056 0.090275
0 0.414937 0.315953 0.070913 0.087424
0 0.508572 0.443715 0.093532 0.068280
0 0.275332 0.523804 0.074084 0.086967
0 0.351037 0.152840 0.090838 0.079471
0 0.102979 0.109771 0.074406 0.061174