0 0.159897 0.391407 0.089100 0.075133
0 0.325695 0.296769 0.073177 0.096108
0 0.528103 0.702775 0.060695 0.051446
0 0.104353 0.806475 0.091224 0.063422
0 0.352852 0.841647 0.070549 0.071749
0 0.117473 0.232193 0.067012 0.098315
0 0.874755 0.102724 0.064792 0.073047
0 0.142359 0.709307 0.066222 0.071362
0 0.250029 0.261798 0.073404 0.074303
0 0.289396 0.421560 0.076940 0.095328
0 0.883543 0.364114 0.066758 0.055570
0 0.323273 0.156356 0.061227 0.051662
0 0.875293 0.652859 0.071088 0.096320
0 0.339318 0.374136 0.064047 0.084858
0 0.154424 0.689727 0.081327 0.070679
0 0.278542 0.562776 0.068672 0.097840
0 0.193399 0.109748 0.083120 0.068870
0 0.878958 0.240502 0.060884 0.092196
0 0.118789 0.715984 0.091231 0.051927
0 0.107116 0.610151 0.076859 0.056182
0 0.773603 0.842904 0.087997 0.088796
0 0.675057 0.147347 0.073774 0.055460