0 0.655427 0.742334 0.052930 0.058004
0 0.462177 0.531572 0.084835 0.070143
0 0.663128 0.423642 0.058088 0.050909
0 0.363401 0.887120 0.073102 0.068945
0 0.355613 0.428133 0.095485 0.050603
0 0.326339 0.625102 0.081620 0.094160
0 0.268198 0.301411 0.099902 0.056230
0 0.259385 0.315209 0.064375 0.084885
0 0.372700 0.646694 0.056203 0.085054
0 0.411627 0.822128 0.079611 0.054989
0 0.768805 0.778085 0.073007 0.075355
0 0.626535 0.320445 0.083575 0.069801
0 0.144854 0.226910 0.081122 0.078334
0 0.714695 0.816610 0.095599 0.087134
0 0.759250 0.615127 0.095502 0.080125
0 0.612414 0.312357 0.054378 0.091448
0 0.791352 0.439789 0.065978 0.089779
0 0.657694 0.320660 0.088404 0.083729
0 0.622283 0.266325 0.077027 0.080135
0 0.296484 0.264833 0.052598 0.077275
0 0.892883 0.804918 0.062861 0.067251
0 0.889192 0.412553 0.060907 0.096105