0 0.121729 0.267210 0.052446 0.087719
0 0.281003 0.701346 0.068337 0.096456
0 0.661107 0.489329 0.054920 0.094955
0 0.638104 0.521459 0.068419 0.052614
0 0.756362 0.859220 0.066415 0.076955
0 0.275235 0.217359 0.085682 0.062468
0 0.788843 0.504080 0.098988 0.063299
0 0.552428 0.480858 0.099931 0.052400
0 0.418985 0.305856 0.086852 0.072144
0 0.286508 0.532183 0.084039 0.096304
0 0.875093 0.363340 0.062112 0.095563
0 0.605253 0.149664 0.059855 0.061727
0 0.747194 0.492626 0.083734 0.050704
0 0.355173 0.417824 0.054125 0.098548
0 0.497402 0.600294 0.055046 0.089509
0 0.502886 0.844676 0.091652 0.070020
0 0.746558 0.234156 0.084284 0.097523
0 0.250687 0.448457 0.099201 0.059720
0 0.152792 0.241950 0.053686 0.081242
0 0.656397 0.372073 0.090731 0.096301
0 0.706889 0.217730 0.079003 0.073501
0 0.148582 0.253181 0.066582 0.088157