0 0.102796 0.883029 0.074945 0.079640
0 0.366841 0.358681 0.086654 0.088147
0 0.685127 0.395082 0.091557 0.088570
0 0.867542 0.521355 0.096499 0.055482
0 0.341885 0.679072 0.058970 0.078494
0 0.284275 0.259957 0.094410 0.052421
0 0.200454 0.506893 0.057104 0.062062
0 0.486885 0.563122 0.067607 0.098602
0 0.757638 0.690959 0.079389 0.076712
0 0.816826 0.840939 0.063118 0.064389
0 0.885258 0.873933 0.076390 0.059173
0 0.627472 0.175796 0.080421 0.082211
0 0.606281 0.682782 0.098493 0.064616
0 0.247136 0.653581 0.096911 0.052685
0 0.413611 0.803329 0.058236 0.088921
0 0.222555 0.414275 0.052889 0.092170
0 0.176492 0.416806 0.064823 0.091260
0 0.156919 0.521531 0.078815 0.052242
0 0.145122 0.565008 0.087695 0.057652
0 0.884684 0.150427 0.061645 0.082955
0 0.462363 0.791957 0.090569 0.071353
0 0.492963 0.644166 0.085731 0.082337