0 0.741412 0.616129 0.092927 0.073507
0 0.718574 0.517507 0.074272 0.069837
0 0.628960 0.774446 0.082243 0.080535
0 0.649188 0.892905 0.058313 0.064948
0 0.293912 0.832578 0.096769 0.051630
0 0.151413 0.273681 0.089739 0.083517
0 0.719469 0.796234 0.057824 0.071005
0 0.828500 0.606886 0.064435 0.097997
0 0.812536 0.842815 0.051246 0.050090
0 0.520022 0.693299 0.092201 0.066402
0 0.554761 0.808240 0.069546 0.088181
0 0.235655 0.741266 0.069788 0.087076
0 0.670532 0.164123 0.057096 0.078564
0 0.842019 0.639612 0.076607 0.088186
0 0.393886 0.332772 0.051346 0.068536
0 0.316498 0.635115 0.077887 0.094739
0 0.763604 0.579810 0.055113 0.099376
0 0.736759 0.624473 0.063720 0.054187
0 0.879759 0.616138 0.098323 0.067781
0 0.835485 0.791035 0.072410 0.059303
0 0.753220 0.456491 0.073399 0.067678
0 0.772037 0.519191 0.087257 0.050608