0 0.418707 0.505498 0.094577 0.080645
0 0.426521 0.704406 0.098679 0.097401
0 0.325368 0.838837 0.071697 0.070776
0 0.863356 0.775534 0.055907 0.073289
0 0.826845 0.480280 0.064115 0.084407
0 0.765430 0.654007 0.080744 0.068571
0 0.690570 0.615166 0.076023 0.075839
0 0.277032 0.269240 0.072411 0.092717
0 0.208564 0.565363 0.092369 0.083760
0 0.238527 0.690085 0.084105 0.081513
0 0.637470 0.537261 0.051027 0.096173
0 0.732681 0.617324 0.096946 0.081080
0 0.595840 0.613963 0.060060 0.058621
0 0.734163 0.535220 0.050804 0.071638
0 0.132810 0.858337 0.096676 0.058594
0 0.618436 0.688090 0.095041 0.089103
0 0.182795 0.559852 0.074998 0.065317
0 0.867161 0.843243 0.099292 0.078316
0 0.620450 0.726397 0.097525 0.072325
0 0.389755 0.325939 0.076187 0.053333
0 0.247888 0.384572 0.063168 0.078125
0 0.276878 0.478707 0.071644 0.080756