0 0.365381 0.679511 0.063344 0.092622
0 0.885697 0.494815 0.059208 0.080533
0 0.836231 0.112117 0.098579 0.090495
0 0.328627 0.353155 0.078316 0.071272
0 0.561799 0.169758 0.059428 0.059540
0 0.296037 0.300062 0.083495 0.055688
0 0.496393 0.204907 0.055833 0.058320
0 0.450285 0.143429 0.054578 0.053059
0 0.860374 0.452504 0.074680 0.068999
0 0.573332 0.822882 0.074175 0.056610
0 0.622181 0.597982 0.095239 0.094860
0 0.343089 0.314372 0.051953 0.079785
0 0.656260 0.178437 0.065625 0.070625
0 0.871761 0.368175 0.080767 0.051462
0 0.898669 0.476049 0.069667 0.086824
0 0.450304 0.168158 0.062400 0.063640
0 0.686792 0.181997 0.081316 0.069362
0 0.485737 0.422778 0.070340 0.055267
0 0.850611 0.451361 0.080339 0.050439
0 0.204782 0.818659 0.094897 0.051333
0 0.422297 0.133491 0.054819 0.058263
0 0.734677 0.371457 0.098631 0.052890