0 0.656014 0.572590 0.084668 0.066763
0 0.753708 0.831596 0.097844 0.086491
0 0.465244 0.212944 0.096076 0.090060
0 0.423728 0.370744 0.083770 0.060641
0 0.584458 0.183538 0.059053 0.093092
0 0.289492 0.873467 0.090748 0.090335
0 0.741903 0.894002 0.073625 0.074991
0 0.707580 0.560624 0.091756 0.061798
0 0.665091 0.710426 0.054336 0.082076
0 0.285800 0.122324 0.053047 0.065335
0 0.145012 0.744909 0.092363 0.082033
0 0.557400 0.560005 0.088944 0.065240
0 0.421275 0.761067 0.072341 0.052625
0 0.307627 0.376827 0.085540 0.060910
0 0.165202 0.241893 0.061145 0.050968
0 0.278316 0.516263 0.092576 0.070670
0 0.526124 0.500209 0.095051 0.077442
0 0.733576 0.535209 0.099494 0.080637
0 0.531062 0.669739 0.081789 0.056745
0 0.163937 0.693798 0.051228 0.083063
0 0.295798 0.827822 0.086009 0.098256
0 0.123965 0.711897 0.069420 0.060275